Day,Total infected,Total tested,Total deaths,Total recovered,Infected,Actual tested,In treatment,Infected in A,Tested in A,In treatment in A,Deaths in A,Recovered in A,Infected in B,Tested in B,In treatment in B,Deaths in B,Recovered in B,Known infected %,Infected population %,Population immunity %,Death rate,Total isolated,Isolated
1,6,0,0,0,6,0,0,6,0,0,0,0,0,0,0,0,0,0.0,0.0006,0.0,0.0,0,0
2,7,0,0,0,7,0,0,6,0,0,0,0,1,0,0,0,0,0.0,0.0007,0.0,0.0,0,0
3,7,0,0,0,7,0,0,6,0,0,0,0,1,0,0,0,0,0.0,0.0007,0.0,0.0,0,0
4,9,0,0,0,9,0,0,8,0,0,0,0,1,0,0,0,0,0.0,0.0009,0.0,0.0,0,0
5,12,0,0,0,12,0,0,11,0,0,0,0,1,0,0,0,0,0.0,0.0012,0.0,0.0,0,0
6,15,0,0,0,15,0,0,14,0,0,0,0,1,0,0,0,0,0.0,0.0015,0.0,0.0,0,0
7,17,0,0,0,17,0,0,16,0,0,0,0,1,0,0,0,0,0.0,0.0017,0.0,0.0,0,0
8,19,0,0,0,19,0,0,18,0,0,0,0,1,0,0,0,0,0.0,0.0019,0.0,0.0,0,0
9,21,0,0,1,20,0,0,18,0,0,0,1,2,0,0,0,0,0.0,0.002,0.0001,0.0,0,0
10,26,0,0,1,25,0,1,22,0,1,0,1,3,0,0,0,0,0.0,0.0025,0.0001,0.0,0,0
11,31,1,0,5,26,1,1,22,1,1,0,4,4,0,0,0,1,0.0001,0.0026,0.0005,0.0,0,0
12,34,2,0,6,28,2,1,23,2,1,0,5,5,0,0,0,1,0.0002,0.0028,0.0006,0.0,0,0
13,35,2,0,8,27,1,0,20,2,0,0,7,7,0,0,0,1,0.0001,0.0027,0.0008,0.0,0,0
14,41,2,0,8,33,1,0,25,2,0,0,7,8,0,0,0,1,0.0001,0.0033,0.0008,0.0,0,0
15,46,2,0,12,34,1,0,26,2,0,0,10,8,0,0,0,2,0.0001,0.0034,0.0012,0.0,0,0
16,53,3,0,14,39,2,0,29,3,0,0,12,10,0,0,0,2,0.0002,0.0039,0.0014,0.0,0,0
17,60,5,0,16,44,2,1,34,5,1,0,14,10,0,0,0,2,0.0002,0.0044,0.0016,0.0,0,0
18,70,7,0,17,53,4,3,42,7,2,0,15,11,0,1,0,2,0.0004,0.0053,0.0017,0.0,0,0
19,79,10,0,21,58,7,4,45,9,3,0,17,13,1,1,0,4,0.0007,0.0058,0.0021,0.0,0,0
20,87,12,0,23,64,9,6,46,11,4,0,18,18,1,2,0,5,0.0009,0.0064,0.0023,0.0,0,0
21,93,14,0,25,68,11,7,50,12,5,0,19,18,2,2,0,6,0.0011,0.0068,0.0025,0.0,0,0
22,101,15,0,29,72,10,11,53,12,8,0,23,19,3,3,0,6,0.001,0.0072,0.0029,0.0,0,0
23,111,20,1,35,75,13,10,54,16,7,1,27,21,4,3,0,8,0.0013,0.0075,0.0035,0.00901,0,0
24,122,22,1,38,83,14,11,57,16,7,1,30,26,6,4,0,8,0.0014,0.0083,0.0038,0.0082,0,0
25,133,23,1,43,89,11,10,62,16,6,1,34,27,7,4,0,9,0.0011,0.0089,0.0043,0.00752,0,0
26,147,24,1,52,94,6,8,66,17,4,1,39,28,7,4,0,13,0.0006,0.0094,0.0052,0.0068,0,0
27,160,29,1,57,102,10,9,69,21,5,1,44,33,8,4,0,13,0.001,0.0102,0.0057,0.00625,0,0
28,175,32,1,64,110,12,9,72,23,5,1,50,38,9,4,0,14,0.0012,0.011,0.0064,0.00571,0,0
29,183,34,1,77,105,9,7,69,24,6,1,57,36,10,1,0,20,0.0009,0.0105,0.0077,0.00546,0,0
30,185,38,1,83,101,10,4,66,27,4,1,62,35,11,0,0,21,0.001,0.0101,0.0083,0.00541,0,0
31,190,38,1,92,97,7,4,63,27,3,1,70,34,11,1,0,22,0.0007,0.0097,0.0092,0.00526,0,0
32,200,43,1,96,103,12,7,65,31,6,1,73,38,12,1,0,23,0.0012,0.0103,0.0096,0.005,0,0
33,207,45,1,103,103,12,12,69,33,10,1,75,34,12,2,0,28,0.0012,0.0103,0.0103,0.00483,0,0
34,214,52,2,107,105,16,12,70,38,9,2,79,35,14,3,0,28,0.0016,0.0105,0.0107,0.00935,0,0
35,220,55,2,119,99,17,12,66,39,9,2,86,33,16,3,0,33,0.0017,0.0099,0.0119,0.00909,0,0
36,228,56,2,125,101,16,13,71,39,10,2,89,30,17,3,0,36,0.0016,0.0101,0.0125,0.00877,0,0
37,240,58,2,139,99,13,10,69,41,7,2,100,30,17,3,0,39,0.0013,0.0099,0.0139,0.00833,0,0
38,249,59,5,152,92,9,5,64,42,4,3,109,28,17,1,2,43,0.0009,0.0092,0.01521,0.02008,0,0
39,258,60,5,162,91,8,4,66,43,2,3,115,25,17,2,2,47,0.0008,0.0091,0.01621,0.01938,0,0
40,263,61,5,169,89,7,4,62,43,2,3,119,27,18,2,2,50,0.0007,0.0089,0.01691,0.01901,0,0
41,266,64,5,182,79,7,6,57,46,4,3,127,22,18,2,2,55,0.0007,0.0079,0.01821,0.0188,0,0
42,272,68,5,188,79,10,7,56,49,4,3,133,23,19,3,2,55,0.001,0.0079,0.01881,0.01838,0,0
43,290,71,5,192,93,13,7,71,51,4,3,133,22,20,3,2,59,0.0013,0.0093,0.01921,0.01724,0,0
44,310,72,7,199,104,12,6,77,52,4,4,139,27,20,2,3,60,0.0012,0.01041,0.01991,0.02258,0,0
45,317,74,7,210,100,10,5,74,54,4,4,145,26,20,1,3,65,0.001,0.01001,0.02101,0.02208,0,0
46,341,75,7,222,112,8,3,80,55,3,4,154,32,20,0,3,68,0.0008,0.01121,0.02222,0.02053,0,0
47,352,76,7,228,117,8,4,83,55,3,4,160,34,21,1,3,68,0.0008,0.01171,0.02282,0.01989,0,0
48,365,80,8,235,122,9,5,81,57,2,5,167,41,23,3,3,68,0.0009,0.01221,0.02352,0.02192,0,0
49,388,85,8,245,135,13,6,91,60,2,5,174,44,25,4,3,71,0.0013,0.01351,0.02452,0.02062,0,0
50,403,87,8,252,143,13,11,93,61,8,5,179,50,26,3,3,73,0.0013,0.01431,0.02522,0.01985,0,0
51,419,93,8,256,155,18,13,101,67,10,5,182,54,26,3,3,74,0.0018,0.01551,0.02562,0.01909,0,0
52,447,97,9,260,178,21,16,118,70,13,6,184,60,27,3,3,76,0.0021,0.01782,0.02602,0.02013,0,0
53,472,108,9,276,187,27,19,124,79,15,6,192,63,29,4,3,84,0.0027,0.01872,0.02762,0.01907,0,0
54,508,113,10,286,212,25,14,135,82,12,6,199,77,31,2,4,87,0.0025,0.02122,0.02863,0.01969,0,0
55,546,115,10,297,239,22,17,147,84,14,6,207,92,31,3,4,90,0.0022,0.02392,0.02973,0.01832,0,0
56,583,123,11,313,259,23,16,157,89,14,7,218,102,34,2,4,95,0.0023,0.02593,0.03133,0.01887,0,0
57,624,128,11,332,281,24,20,165,93,15,7,232,116,35,5,4,100,0.0024,0.02813,0.03324,0.01763,0,0
58,668,141,12,350,306,30,26,184,101,18,8,240,122,40,8,4,110,0.003,0.03064,0.03504,0.01796,0,0
59,709,158,12,365,332,41,27,196,112,18,8,250,136,46,9,4,115,0.0041,0.03324,0.03654,0.01693,0,0
60,760,167,12,388,360,40,26,209,119,15,8,266,151,48,11,4,122,0.004,0.03604,0.03885,0.01579,0,0
61,811,175,12,402,397,43,30,228,121,18,8,278,169,54,12,4,124,0.00431,0.03975,0.04025,0.0148,0,0
62,872,186,15,425,432,46,31,245,128,15,10,293,187,58,16,5,132,0.00461,0.04326,0.04256,0.0172,0,0
63,942,199,15,451,476,48,36,272,133,21,10,307,204,66,15,5,144,0.00481,0.04767,0.04517,0.01592,0,0
64,998,210,16,477,505,52,39,291,143,23,11,319,214,67,16,5,158,0.00521,0.05058,0.04778,0.01603,0,0
65,1084,228,16,508,560,61,45,326,155,29,11,335,234,73,16,5,173,0.00611,0.05609,0.05088,0.01476,0,0
66,1162,246,16,547,599,64,47,342,167,35,11,356,257,79,12,5,191,0.00641,0.06,0.05479,0.01377,0,0
67,1240,264,17,585,638,66,46,357,182,34,11,380,281,82,12,6,205,0.00661,0.06391,0.0586,0.01371,0,0
68,1323,279,18,627,678,70,48,381,191,33,11,405,297,88,15,7,222,0.00701,0.06792,0.06281,0.01361,0,0
69,1413,293,19,672,722,71,50,404,199,36,12,432,318,94,14,7,240,0.00711,0.07234,0.06733,0.01345,0,0
70,1504,322,20,716,768,86,52,429,219,36,12,456,339,103,16,8,260,0.00862,0.07695,0.07174,0.0133,0,0
71,1612,343,21,763,828,96,58,464,231,36,13,485,364,112,22,8,278,0.00962,0.08297,0.07646,0.01303,0,0
72,1741,359,23,822,896,87,57,492,240,36,14,521,404,119,21,9,301,0.00872,0.08981,0.08239,0.01321,0,0
73,1860,388,24,868,968,101,65,521,259,39,14,549,447,129,26,10,319,0.01012,0.09703,0.08701,0.0129,0,0
74,2002,419,25,941,1036,117,65,545,276,33,15,589,491,143,32,10,352,0.01173,0.10386,0.09434,0.01249,0,0
75,2127,441,26,1005,1096,117,65,577,286,33,16,625,519,155,32,10,380,0.01173,0.10989,0.10076,0.01222,0,0
76,2284,476,26,1091,1167,123,64,627,305,30,16,667,540,171,34,10,424,0.01233,0.117,0.10938,0.01138,0,0
77,2410,508,26,1165,1219,133,79,648,321,38,16,708,571,187,41,10,457,0.01333,0.12222,0.1168,0.01079,0,0
78,2548,552,27,1253,1268,151,96,677,345,42,16,759,591,207,54,11,494,0.01514,0.12714,0.12564,0.0106,0,0
79,2730,592,27,1351,1352,154,105,716,363,48,16,809,636,229,57,11,542,0.01544,0.13557,0.13547,0.00989,0,0
80,2909,620,28,1444,1437,151,106,768,376,52,16,854,669,244,54,12,590,0.01514,0.1441,0.14481,0.00963,0,0
81,3079,658,29,1551,1499,159,113,794,395,52,16,921,705,263,61,13,630,0.01595,0.15034,0.15555,0.00942,0,0
82,3254,705,30,1650,1574,183,123,822,418,53,17,976,752,287,70,13,674,0.01836,0.15787,0.1655,0.00922,0,0
83,3408,747,33,1764,1611,174,124,824,436,59,17,1044,787,311,65,16,720,0.01746,0.16163,0.17698,0.00968,0,0
84,3583,791,33,1875,1675,186,125,862,457,63,17,1095,813,334,62,16,780,0.01866,0.16805,0.18812,0.00921,0,0
85,3777,830,35,2006,1736,189,121,904,482,58,18,1157,832,348,63,17,849,0.01897,0.17421,0.2013,0.00927,0,0
86,3972,872,36,2140,1796,184,129,922,502,60,19,1232,874,370,69,17,908,0.01847,0.18025,0.21477,0.00906,0,0
87,4170,924,37,2285,1848,194,127,941,528,61,20,1311,907,396,66,17,974,0.01947,0.18549,0.22935,0.00887,0,0
88,4336,967,38,2437,1861,196,126,946,553,67,21,1383,915,414,59,17,1054,0.01967,0.18681,0.24463,0.00876,0,0
89,4501,1012,38,2609,1854,197,140,927,572,74,21,1475,927,440,66,17,1134,0.01978,0.18611,0.2619,0.00844,0,0
90,4677,1077,38,2765,1874,232,170,916,604,84,21,1555,958,473,86,17,1210,0.02329,0.18811,0.27755,0.00812,0,0
91,4851,1139,39,2925,1887,249,175,916,628,89,21,1632,971,511,86,18,1293,0.025,0.18944,0.29365,0.00804,0,0
92,5027,1197,40,3084,1903,259,185,909,659,89,21,1712,994,538,96,19,1372,0.026,0.19106,0.30964,0.00796,0,0
93,5195,1257,42,3262,1891,257,172,892,689,89,22,1804,999,568,83,20,1458,0.02581,0.1899,0.32758,0.00808,0,0
94,5369,1313,45,3413,1911,262,169,892,720,86,23,1873,1019,593,83,22,1540,0.02632,0.19196,0.34284,0.00838,0,0
95,5532,1365,46,3581,1905,262,166,870,744,83,23,1954,1035,621,83,23,1627,0.02632,0.19138,0.35975,0.00832,0,0
96,5665,1416,46,3783,1836,241,159,832,767,78,23,2060,1004,649,81,23,1723,0.02421,0.18445,0.38005,0.00812,0,0
97,5814,1470,46,3967,1801,245,164,797,790,75,23,2161,1004,680,89,23,1806,0.02461,0.18093,0.39853,0.00791,0,0
98,5955,1536,47,4151,1757,246,163,750,822,67,24,2257,1007,714,96,23,1894,0.02472,0.17653,0.41706,0.00789,0,0
99,6078,1588,47,4320,1711,246,165,729,844,72,24,2329,982,744,93,23,1991,0.02472,0.17191,0.43404,0.00773,0,0
100,6192,1639,48,4488,1656,239,159,697,866,64,25,2405,959,773,95,23,2083,0.02402,0.1664,0.45096,0.00775,0,0
101,6298,1691,50,4660,1588,239,157,654,884,67,26,2485,934,807,90,24,2175,0.02402,0.1596,0.46834,0.00794,0,0
102,6396,1738,54,4822,1520,224,148,634,904,64,27,2550,886,834,84,27,2272,0.02252,0.15283,0.48482,0.00844,0,0
103,6506,1789,55,4990,1461,225,146,596,922,60,27,2629,865,867,86,28,2361,0.02262,0.14691,0.50176,0.00845,0,0
104,6604,1834,58,5166,1380,209,134,550,940,57,27,2712,830,894,77,31,2454,0.02102,0.13881,0.51961,0.00878,0,0
105,6701,1870,58,5329,1314,201,125,519,957,52,27,2781,795,913,73,31,2548,0.02022,0.13217,0.53601,0.00866,0,0
106,6784,1900,59,5470,1255,192,118,503,970,49,27,2836,752,930,69,32,2634,0.01931,0.12624,0.55025,0.0087,0,0
107,6856,1926,60,5639,1157,169,108,465,980,41,28,2900,692,946,67,32,2739,0.017,0.1164,0.5673,0.00875,0,0
108,6935,1962,61,5791,1083,157,98,424,992,38,28,2970,659,970,60,33,2821,0.0158,0.10896,0.58265,0.0088,0,0
109,6991,1989,61,5919,1011,156,103,389,1003,41,28,3021,622,986,62,33,2898,0.0157,0.10172,0.59553,0.00873,0,0
110,7042,2017,62,6035,945,144,84,366,1016,32,28,3061,579,1001,52,34,2974,0.01449,0.09509,0.60727,0.0088,0,0
111,7103,2041,62,6160,881,125,80,333,1024,31,28,3117,548,1017,49,34,3043,0.01258,0.08865,0.61984,0.00873,0,0
112,7149,2063,65,6264,820,113,71,309,1033,29,29,3154,511,1030,42,36,3110,0.01137,0.08254,0.6305,0.00909,0,0
113,7195,2091,67,6360,768,108,66,291,1042,26,29,3191,477,1049,40,38,3169,0.01087,0.07732,0.64029,0.00931,0,0
114,7231,2114,68,6460,703,103,63,268,1049,23,30,3229,435,1065,40,38,3231,0.01037,0.07078,0.65042,0.0094,0,0
115,7278,2138,68,6549,661,108,68,245,1061,26,30,3266,416,1077,42,38,3283,0.01087,0.06655,0.65938,0.00934,0,0
116,7318,2159,70,6638,610,101,62,223,1073,24,30,3301,387,1086,38,40,3337,0.01017,0.06143,0.66848,0.00957,0,0
117,7350,2179,72,6715,563,91,51,205,1083,19,30,3334,358,1096,32,42,3381,0.00917,0.05671,0.67637,0.0098,0,0
118,7383,2196,72,6787,524,96,62,198,1091,28,30,3357,326,1105,34,42,3430,0.00967,0.05278,0.68362,0.00975,0,0
119,7410,2217,74,6848,488,96,54,187,1103,27,30,3377,301,1114,27,44,3471,0.00967,0.04916,0.68991,0.00999,0,0
120,7442,2227,76,6903,463,89,49,183,1107,24,32,3394,280,1120,25,44,3509,0.00897,0.04665,0.69559,0.01021,0,0
121,7466,2238,77,6972,417,75,38,156,1110,17,32,3426,261,1128,21,45,3546,0.00756,0.04202,0.70261,0.01031,0,0
122,7488,2247,78,7033,377,57,39,142,1113,19,32,3447,235,1134,20,46,3586,0.00574,0.038,0.70883,0.01042,0,0
123,7503,2261,79,7080,344,59,37,129,1122,20,32,3463,215,1139,17,47,3617,0.00595,0.03467,0.71364,0.01053,0,0
124,7518,2266,83,7113,322,50,30,120,1125,16,34,3479,202,1141,14,49,3634,0.00504,0.03247,0.71725,0.01104,0,0
125,7531,2274,83,7161,287,44,24,104,1130,11,34,3500,183,1144,13,49,3661,0.00444,0.02894,0.72209,0.01102,0,0
126,7544,2277,86,7193,265,36,26,97,1130,11,35,3509,168,1147,15,51,3684,0.00363,0.02673,0.72554,0.0114,0,0
127,7558,2292,87,7240,231,38,20,86,1134,9,35,3528,145,1158,11,52,3712,0.00383,0.0233,0.73035,0.01151,0,0
128,7573,2299,87,7273,213,31,20,83,1137,7,35,3538,130,1162,13,52,3735,0.00313,0.02149,0.73368,0.01149,0,0
129,7585,2309,87,7295,203,36,20,80,1139,8,35,3546,123,1170,12,52,3749,0.00363,0.02048,0.7359,0.01147,0,0
130,7598,2314,88,7309,201,37,20,81,1141,7,36,3551,120,1173,13,52,3758,0.00373,0.02028,0.73739,0.01158,0,0
131,7609,2318,90,7340,179,29,16,74,1141,4,38,3560,105,1177,12,52,3780,0.00293,0.01806,0.74067,0.01183,0,0
132,7616,2320,90,7366,160,23,13,68,1141,4,38,3573,92,1179,9,52,3793,0.00232,0.01615,0.74329,0.01182,0,0
133,7623,2320,90,7388,145,16,11,59,1141,6,38,3582,86,1179,5,52,3806,0.00161,0.01463,0.74551,0.01181,0,0
134,7628,2324,91,7414,123,12,14,57,1144,8,38,3590,66,1180,6,53,3824,0.00121,0.01241,0.74821,0.01193,0,0
135,7635,2332,91,7435,109,14,11,48,1148,7,38,3600,61,1184,4,53,3835,0.00141,0.011,0.75033,0.01192,0,0
136,7642,2334,91,7451,100,15,14,46,1149,9,38,3606,54,1185,5,53,3845,0.00151,0.01009,0.75194,0.01191,0,0
137,7647,2340,91,7462,94,17,13,47,1153,8,38,3611,47,1187,5,53,3851,0.00172,0.00949,0.75305,0.0119,0,0
138,7654,2341,91,7470,93,16,12,44,1154,6,38,3616,49,1187,6,53,3854,0.00161,0.00939,0.75386,0.01189,0,0
139,7657,2342,92,7482,83,13,9,37,1154,3,39,3622,46,1188,6,53,3860,0.00131,0.00838,0.75515,0.01202,0,0
140,7661,2348,93,7493,75,11,7,31,1158,3,39,3628,44,1190,4,54,3865,0.00111,0.00757,0.75633,0.01214,0,0
141,7669,2349,93,7501,75,9,7,29,1159,2,39,3632,46,1190,5,54,3869,0.00091,0.00757,0.75714,0.01213,0,0
142,7671,2350,93,7512,66,9,6,24,1159,2,39,3638,42,1191,4,54,3874,0.00091,0.00666,0.75825,0.01212,0,0
143,7675,2350,93,7524,58,5,4,22,1159,1,39,3642,36,1191,3,54,3882,0.0005,0.00585,0.75946,0.01212,0,0
144,7679,2352,93,7532,54,4,2,17,1159,0,39,3648,37,1193,2,54,3884,0.0004,0.00545,0.76027,0.01211,0,0
145,7680,2353,93,7537,50,5,3,17,1159,0,39,3649,33,1194,3,54,3888,0.0005,0.00505,0.76078,0.01211,0,0
146,7681,2354,93,7542,46,6,3,15,1159,0,39,3651,31,1195,3,54,3891,0.00061,0.00464,0.76128,0.01211,0,0
147,7683,2354,93,7549,41,5,2,15,1159,0,39,3653,26,1195,2,54,3896,0.0005,0.00414,0.76199,0.0121,0,0
148,7686,2354,93,7554,39,3,3,12,1159,1,39,3656,27,1195,2,54,3898,0.0003,0.00394,0.76249,0.0121,0,0
149,7690,2355,93,7559,38,3,3,11,1160,2,39,3657,27,1195,1,54,3902,0.0003,0.00384,0.763,0.01209,0,0
150,7691,2356,93,7564,34,4,3,9,1161,2,39,3659,25,1195,1,54,3905,0.0004,0.00343,0.7635,0.01209,0,0
151,7692,2357,93,7567,32,5,3,8,1161,2,39,3661,24,1196,1,54,3906,0.0005,0.00323,0.7638,0.01209,0,0
152,7692,2358,93,7574,25,4,2,6,1161,1,39,3663,19,1197,1,54,3911,0.0004,0.00252,0.76451,0.01209,0,0
153,7695,2360,93,7579,23,5,3,5,1161,1,39,3665,18,1199,2,54,3914,0.0005,0.00232,0.76501,0.01209,0,0
154,7697,2361,93,7581,23,6,3,4,1161,1,39,3666,19,1200,2,54,3915,0.00061,0.00232,0.76522,0.01208,0,0
155,7697,2362,93,7582,22,6,4,4,1161,1,39,3666,18,1201,3,54,3916,0.00061,0.00222,0.76532,0.01208,0,0
156,7697,2363,93,7586,18,6,3,4,1161,1,39,3667,14,1202,2,54,3919,0.00061,0.00182,0.76572,0.01208,0,0
157,7697,2364,93,7589,15,6,3,4,1161,1,39,3667,11,1203,2,54,3922,0.00061,0.00151,0.76602,0.01208,0,0
158,7698,2364,93,7595,10,2,0,2,1161,0,39,3670,8,1203,0,54,3925,0.0002,0.00101,0.76663,0.01208,0,0
159,7699,2364,93,7598,8,0,0,2,1161,0,39,3670,6,1203,0,54,3928,0.0,0.00081,0.76693,0.01208,0,0
160,7699,2364,93,7598,8,0,0,2,1161,0,39,3670,6,1203,0,54,3928,0.0,0.00081,0.76693,0.01208,0,0
161,7699,2364,93,7599,7,0,0,2,1161,0,39,3670,5,1203,0,54,3929,0.0,0.00071,0.76703,0.01208,0,0
162,7699,2364,93,7600,6,0,0,2,1161,0,39,3670,4,1203,0,54,3930,0.0,0.00061,0.76713,0.01208,0,0
163,7699,2365,93,7600,6,1,0,2,1162,0,39,3670,4,1203,0,54,3930,0.0001,0.00061,0.76713,0.01208,0,0
164,7699,2365,93,7601,5,1,0,2,1162,0,39,3670,3,1203,0,54,3931,0.0001,0.0005,0.76724,0.01208,0,0
165,7699,2365,93,7601,5,1,0,2,1162,0,39,3670,3,1203,0,54,3931,0.0001,0.0005,0.76724,0.01208,0,0
166,7699,2365,93,7604,2,0,0,0,1162,0,39,3672,2,1203,0,54,3932,0.0,0.0002,0.76754,0.01208,0,0
167,7699,2365,93,7605,1,0,0,0,1162,0,39,3672,1,1203,0,54,3933,0.0,0.0001,0.76764,0.01208,0,0
168,7699,2365,93,7605,1,0,0,0,1162,0,39,3672,1,1203,0,54,3933,0.0,0.0001,0.76764,0.01208,0,0
169,7699,2365,93,7606,0,0,0,0,1162,0,39,3672,0,1203,0,54,3934,0.0,0.0,0.76774,0.01208,0,0
170,7699,2365,93,7606,0,0,0,0,1162,0,39,3672,0,1203,0,54,3934,0.0,0.0,0.76774,0.01208,0,0
171,7699,2365,93,7606,0,0,0,0,1162,0,39,3672,0,1203,0,54,3934,0.0,0.0,0.76774,0.01208,0,0
172,7699,2365,93,7606,0,0,0,0,1162,0,39,3672,0,1203,0,54,3934,0.0,0.0,0.76774,0.01208,0,0
173,7699,2365,93,7606,0,0,0,0,1162,0,39,3672,0,1203,0,54,3934,0.0,0.0,0.76774,0.01208,0,0
174,7699,2365,93,7606,0,0,0,0,1162,0,39,3672,0,1203,0,54,3934,0.0,0.0,0.76774,0.01208,0,0
175,7699,2365,93,7606,0,0,0,0,1162,0,39,3672,0,1203,0,54,3934,0.0,0.0,0.76774,0.01208,0,0
176,7699,2365,93,7606,0,0,0,0,1162,0,39,3672,0,1203,0,54,3934,0.0,0.0,0.76774,0.01208,0,0
177,7699,2365,93,7606,0,0,0,0,1162,0,39,3672,0,1203,0,54,3934,0.0,0.0,0.76774,0.01208,0,0
178,7699,2365,93,7606,0,0,0,0,1162,0,39,3672,0,1203,0,54,3934,0.0,0.0,0.76774,0.01208,0,0
179,7699,2365,93,7606,0,0,0,0,1162,0,39,3672,0,1203,0,54,3934,0.0,0.0,0.76774,0.01208,0,0
180,7699,2365,93,7606,0,0,0,0,1162,0,39,3672,0,1203,0,54,3934,0.0,0.0,0.76774,0.01208,0,0
181,7699,2365,93,7606,0,0,0,0,1162,0,39,3672,0,1203,0,54,3934,0.0,0.0,0.76774,0.01208,0,0
182,7699,2365,93,7606,0,0,0,0,1162,0,39,3672,0,1203,0,54,3934,0.0,0.0,0.76774,0.01208,0,0
183,7699,2365,93,7606,0,0,0,0,1162,0,39,3672,0,1203,0,54,3934,0.0,0.0,0.76774,0.01208,0,0
184,7699,2365,93,7606,0,0,0,0,1162,0,39,3672,0,1203,0,54,3934,0.0,0.0,0.76774,0.01208,0,0
185,7699,2365,93,7606,0,0,0,0,1162,0,39,3672,0,1203,0,54,3934,0.0,0.0,0.76774,0.01208,0,0
186,7699,2365,93,7606,0,0,0,0,1162,0,39,3672,0,1203,0,54,3934,0.0,0.0,0.76774,0.01208,0,0
187,7699,2365,93,7606,0,0,0,0,1162,0,39,3672,0,1203,0,54,3934,0.0,0.0,0.76774,0.01208,0,0
188,7699,2365,93,7606,0,0,0,0,1162,0,39,3672,0,1203,0,54,3934,0.0,0.0,0.76774,0.01208,0,0
189,7699,2365,93,7606,0,0,0,0,1162,0,39,3672,0,1203,0,54,3934,0.0,0.0,0.76774,0.01208,0,0
190,7699,2365,93,7606,0,0,0,0,1162,0,39,3672,0,1203,0,54,3934,0.0,0.0,0.76774,0.01208,0,0
191,7699,2365,93,7606,0,0,0,0,1162,0,39,3672,0,1203,0,54,3934,0.0,0.0,0.76774,0.01208,0,0
192,7699,2365,93,7606,0,0,0,0,1162,0,39,3672,0,1203,0,54,3934,0.0,0.0,0.76774,0.01208,0,0
193,7699,2365,93,7606,0,0,0,0,1162,0,39,3672,0,1203,0,54,3934,0.0,0.0,0.76774,0.01208,0,0
194,7699,2365,93,7606,0,0,0,0,1162,0,39,3672,0,1203,0,54,3934,0.0,0.0,0.76774,0.01208,0,0
195,7699,2365,93,7606,0,0,0,0,1162,0,39,3672,0,1203,0,54,3934,0.0,0.0,0.76774,0.01208,0,0
196,7699,2365,93,7606,0,0,0,0,1162,0,39,3672,0,1203,0,54,3934,0.0,0.0,0.76774,0.01208,0,0
197,7699,2365,93,7606,0,0,0,0,1162,0,39,3672,0,1203,0,54,3934,0.0,0.0,0.76774,0.01208,0,0
198,7699,2365,93,7606,0,0,0,0,1162,0,39,3672,0,1203,0,54,3934,0.0,0.0,0.76774,0.01208,0,0
199,7699,2365,93,7606,0,0,0,0,1162,0,39,3672,0,1203,0,54,3934,0.0,0.0,0.76774,0.01208,0,0
200,7699,2365,93,7606,0,0,0,0,1162,0,39,3672,0,1203,0,54,3934,0.0,0.0,0.76774,0.01208,0,0
201,7699,2365,93,7606,0,0,0,0,1162,0,39,3672,0,1203,0,54,3934,0.0,0.0,0.76774,0.01208,0,0
202,7699,2365,93,7606,0,0,0,0,1162,0,39,3672,0,1203,0,54,3934,0.0,0.0,0.76774,0.01208,0,0
203,7699,2365,93,7606,0,0,0,0,1162,0,39,3672,0,1203,0,54,3934,0.0,0.0,0.76774,0.01208,0,0
204,7699,2365,93,7606,0,0,0,0,1162,0,39,3672,0,1203,0,54,3934,0.0,0.0,0.76774,0.01208,0,0
205,7699,2365,93,7606,0,0,0,0,1162,0,39,3672,0,1203,0,54,3934,0.0,0.0,0.76774,0.01208,0,0
206,7699,2365,93,7606,0,0,0,0,1162,0,39,3672,0,1203,0,54,3934,0.0,0.0,0.76774,0.01208,0,0
207,7699,2365,93,7606,0,0,0,0,1162,0,39,3672,0,1203,0,54,3934,0.0,0.0,0.76774,0.01208,0,0
208,7699,2365,93,7606,0,0,0,0,1162,0,39,3672,0,1203,0,54,3934,0.0,0.0,0.76774,0.01208,0,0
209,7699,2365,93,7606,0,0,0,0,1162,0,39,3672,0,1203,0,54,3934,0.0,0.0,0.76774,0.01208,0,0
210,7699,2365,93,7606,0,0,0,0,1162,0,39,3672,0,1203,0,54,3934,0.0,0.0,0.76774,0.01208,0,0
211,7699,2365,93,7606,0,0,0,0,1162,0,39,3672,0,1203,0,54,3934,0.0,0.0,0.76774,0.01208,0,0
212,7699,2365,93,7606,0,0,0,0,1162,0,39,3672,0,1203,0,54,3934,0.0,0.0,0.76774,0.01208,0,0
213,7699,2365,93,7606,0,0,0,0,1162,0,39,3672,0,1203,0,54,3934,0.0,0.0,0.76774,0.01208,0,0
214,7699,2365,93,7606,0,0,0,0,1162,0,39,3672,0,1203,0,54,3934,0.0,0.0,0.76774,0.01208,0,0
215,7699,2365,93,7606,0,0,0,0,1162,0,39,3672,0,1203,0,54,3934,0.0,0.0,0.76774,0.01208,0,0
216,7699,2365,93,7606,0,0,0,0,1162,0,39,3672,0,1203,0,54,3934,0.0,0.0,0.76774,0.01208,0,0
217,7699,2365,93,7606,0,0,0,0,1162,0,39,3672,0,1203,0,54,3934,0.0,0.0,0.76774,0.01208,0,0
218,7699,2365,93,7606,0,0,0,0,1162,0,39,3672,0,1203,0,54,3934,0.0,0.0,0.76774,0.01208,0,0
219,7699,2365,93,7606,0,0,0,0,1162,0,39,3672,0,1203,0,54,3934,0.0,0.0,0.76774,0.01208,0,0
220,7699,2365,93,7606,0,0,0,0,1162,0,39,3672,0,1203,0,54,3934,0.0,0.0,0.76774,0.01208,0,0
221,7699,2365,93,7606,0,0,0,0,1162,0,39,3672,0,1203,0,54,3934,0.0,0.0,0.76774,0.01208,0,0
222,7699,2365,93,7606,0,0,0,0,1162,0,39,3672,0,1203,0,54,3934,0.0,0.0,0.76774,0.01208,0,0
223,7699,2365,93,7606,0,0,0,0,1162,0,39,3672,0,1203,0,54,3934,0.0,0.0,0.76774,0.01208,0,0
224,7699,2365,93,7606,0,0,0,0,1162,0,39,3672,0,1203,0,54,3934,0.0,0.0,0.76774,0.01208,0,0
225,7699,2365,93,7606,0,0,0,0,1162,0,39,3672,0,1203,0,54,3934,0.0,0.0,0.76774,0.01208,0,0
226,7699,2365,93,7606,0,0,0,0,1162,0,39,3672,0,1203,0,54,3934,0.0,0.0,0.76774,0.01208,0,0
227,7699,2365,93,7606,0,0,0,0,1162,0,39,3672,0,1203,0,54,3934,0.0,0.0,0.76774,0.01208,0,0
228,7699,2365,93,7606,0,0,0,0,1162,0,39,3672,0,1203,0,54,3934,0.0,0.0,0.76774,0.01208,0,0
229,7699,2365,93,7606,0,0,0,0,1162,0,39,3672,0,1203,0,54,3934,0.0,0.0,0.76774,0.01208,0,0
230,7699,2365,93,7606,0,0,0,0,1162,0,39,3672,0,1203,0,54,3934,0.0,0.0,0.76774,0.01208,0,0
231,7699,2365,93,7606,0,0,0,0,1162,0,39,3672,0,1203,0,54,3934,0.0,0.0,0.76774,0.01208,0,0
232,7699,2365,93,7606,0,0,0,0,1162,0,39,3672,0,1203,0,54,3934,0.0,0.0,0.76774,0.01208,0,0
233,7699,2365,93,7606,0,0,0,0,1162,0,39,3672,0,1203,0,54,3934,0.0,0.0,0.76774,0.01208,0,0
234,7699,2365,93,7606,0,0,0,0,1162,0,39,3672,0,1203,0,54,3934,0.0,0.0,0.76774,0.01208,0,0
235,7699,2365,93,7606,0,0,0,0,1162,0,39,3672,0,1203,0,54,3934,0.0,0.0,0.76774,0.01208,0,0
236,7699,2365,93,7606,0,0,0,0,1162,0,39,3672,0,1203,0,54,3934,0.0,0.0,0.76774,0.01208,0,0
237,7699,2365,93,7606,0,0,0,0,1162,0,39,3672,0,1203,0,54,3934,0.0,0.0,0.76774,0.01208,0,0
238,7699,2365,93,7606,0,0,0,0,1162,0,39,3672,0,1203,0,54,3934,0.0,0.0,0.76774,0.01208,0,0
239,7699,2365,93,7606,0,0,0,0,1162,0,39,3672,0,1203,0,54,3934,0.0,0.0,0.76774,0.01208,0,0
240,7699,2365,93,7606,0,0,0,0,1162,0,39,3672,0,1203,0,54,3934,0.0,0.0,0.76774,0.01208,0,0
241,7699,2365,93,7606,0,0,0,0,1162,0,39,3672,0,1203,0,54,3934,0.0,0.0,0.76774,0.01208,0,0
242,7699,2365,93,7606,0,0,0,0,1162,0,39,3672,0,1203,0,54,3934,0.0,0.0,0.76774,0.01208,0,0
243,7699,2365,93,7606,0,0,0,0,1162,0,39,3672,0,1203,0,54,3934,0.0,0.0,0.76774,0.01208,0,0
244,7699,2365,93,7606,0,0,0,0,1162,0,39,3672,0,1203,0,54,3934,0.0,0.0,0.76774,0.01208,0,0
245,7699,2365,93,7606,0,0,0,0,1162,0,39,3672,0,1203,0,54,3934,0.0,0.0,0.76774,0.01208,0,0
246,7699,2365,93,7606,0,0,0,0,1162,0,39,3672,0,1203,0,54,3934,0.0,0.0,0.76774,0.01208,0,0
247,7699,2365,93,7606,0,0,0,0,1162,0,39,3672,0,1203,0,54,3934,0.0,0.0,0.76774,0.01208,0,0
248,7699,2365,93,7606,0,0,0,0,1162,0,39,3672,0,1203,0,54,3934,0.0,0.0,0.76774,0.01208,0,0
249,7699,2365,93,7606,0,0,0,0,1162,0,39,3672,0,1203,0,54,3934,0.0,0.0,0.76774,0.01208,0,0
250,7699,2365,93,7606,0,0,0,0,1162,0,39,3672,0,1203,0,54,3934,0.0,0.0,0.76774,0.01208,0,0
251,7699,2365,93,7606,0,0,0,0,1162,0,39,3672,0,1203,0,54,3934,0.0,0.0,0.76774,0.01208,0,0
252,7699,2365,93,7606,0,0,0,0,1162,0,39,3672,0,1203,0,54,3934,0.0,0.0,0.76774,0.01208,0,0
253,7699,2365,93,7606,0,0,0,0,1162,0,39,3672,0,1203,0,54,3934,0.0,0.0,0.76774,0.01208,0,0
254,7699,2365,93,7606,0,0,0,0,1162,0,39,3672,0,1203,0,54,3934,0.0,0.0,0.76774,0.01208,0,0
255,7699,2365,93,7606,0,0,0,0,1162,0,39,3672,0,1203,0,54,3934,0.0,0.0,0.76774,0.01208,0,0
256,7699,2365,93,7606,0,0,0,0,1162,0,39,3672,0,1203,0,54,3934,0.0,0.0,0.76774,0.01208,0,0
257,7699,2365,93,7606,0,0,0,0,1162,0,39,3672,0,1203,0,54,3934,0.0,0.0,0.76774,0.01208,0,0
258,7699,2365,93,7606,0,0,0,0,1162,0,39,3672,0,1203,0,54,3934,0.0,0.0,0.76774,0.01208,0,0
259,7699,2365,93,7606,0,0,0,0,1162,0,39,3672,0,1203,0,54,3934,0.0,0.0,0.76774,0.01208,0,0
260,7699,2365,93,7606,0,0,0,0,1162,0,39,3672,0,1203,0,54,3934,0.0,0.0,0.76774,0.01208,0,0
261,7699,2365,93,7606,0,0,0,0,1162,0,39,3672,0,1203,0,54,3934,0.0,0.0,0.76774,0.01208,0,0
262,7699,2365,93,7606,0,0,0,0,1162,0,39,3672,0,1203,0,54,3934,0.0,0.0,0.76774,0.01208,0,0
263,7699,2365,93,7606,0,0,0,0,1162,0,39,3672,0,1203,0,54,3934,0.0,0.0,0.76774,0.01208,0,0
264,7699,2365,93,7606,0,0,0,0,1162,0,39,3672,0,1203,0,54,3934,0.0,0.0,0.76774,0.01208,0,0
265,7699,2365,93,7606,0,0,0,0,1162,0,39,3672,0,1203,0,54,3934,0.0,0.0,0.76774,0.01208,0,0
266,7699,2365,93,7606,0,0,0,0,1162,0,39,3672,0,1203,0,54,3934,0.0,0.0,0.76774,0.01208,0,0
267,7699,2365,93,7606,0,0,0,0,1162,0,39,3672,0,1203,0,54,3934,0.0,0.0,0.76774,0.01208,0,0
268,7699,2365,93,7606,0,0,0,0,1162,0,39,3672,0,1203,0,54,3934,0.0,0.0,0.76774,0.01208,0,0
269,7699,2365,93,7606,0,0,0,0,1162,0,39,3672,0,1203,0,54,3934,0.0,0.0,0.76774,0.01208,0,0
270,7699,2365,93,7606,0,0,0,0,1162,0,39,3672,0,1203,0,54,3934,0.0,0.0,0.76774,0.01208,0,0
271,7699,2365,93,7606,0,0,0,0,1162,0,39,3672,0,1203,0,54,3934,0.0,0.0,0.76774,0.01208,0,0
272,7699,2365,93,7606,0,0,0,0,1162,0,39,3672,0,1203,0,54,3934,0.0,0.0,0.76774,0.01208,0,0
273,7699,2365,93,7606,0,0,0,0,1162,0,39,3672,0,1203,0,54,3934,0.0,0.0,0.76774,0.01208,0,0
274,7699,2365,93,7606,0,0,0,0,1162,0,39,3672,0,1203,0,54,3934,0.0,0.0,0.76774,0.01208,0,0
275,7699,2365,93,7606,0,0,0,0,1162,0,39,3672,0,1203,0,54,3934,0.0,0.0,0.76774,0.01208,0,0
276,7699,2365,93,7606,0,0,0,0,1162,0,39,3672,0,1203,0,54,3934,0.0,0.0,0.76774,0.01208,0,0
277,7699,2365,93,7606,0,0,0,0,1162,0,39,3672,0,1203,0,54,3934,0.0,0.0,0.76774,0.01208,0,0
278,7699,2365,93,7606,0,0,0,0,1162,0,39,3672,0,1203,0,54,3934,0.0,0.0,0.76774,0.01208,0,0
279,7699,2365,93,7606,0,0,0,0,1162,0,39,3672,0,1203,0,54,3934,0.0,0.0,0.76774,0.01208,0,0
280,7699,2365,93,7606,0,0,0,0,1162,0,39,3672,0,1203,0,54,3934,0.0,0.0,0.76774,0.01208,0,0
281,7699,2365,93,7606,0,0,0,0,1162,0,39,3672,0,1203,0,54,3934,0.0,0.0,0.76774,0.01208,0,0
282,7699,2365,93,7606,0,0,0,0,1162,0,39,3672,0,1203,0,54,3934,0.0,0.0,0.76774,0.01208,0,0
283,7699,2365,93,7606,0,0,0,0,1162,0,39,3672,0,1203,0,54,3934,0.0,0.0,0.76774,0.01208,0,0
284,7699,2365,93,7606,0,0,0,0,1162,0,39,3672,0,1203,0,54,3934,0.0,0.0,0.76774,0.01208,0,0
285,7699,2365,93,7606,0,0,0,0,1162,0,39,3672,0,1203,0,54,3934,0.0,0.0,0.76774,0.01208,0,0
286,7699,2365,93,7606,0,0,0,0,1162,0,39,3672,0,1203,0,54,3934,0.0,0.0,0.76774,0.01208,0,0
287,7699,2365,93,7606,0,0,0,0,1162,0,39,3672,0,1203,0,54,3934,0.0,0.0,0.76774,0.01208,0,0
288,7699,2365,93,7606,0,0,0,0,1162,0,39,3672,0,1203,0,54,3934,0.0,0.0,0.76774,0.01208,0,0
289,7699,2365,93,7606,0,0,0,0,1162,0,39,3672,0,1203,0,54,3934,0.0,0.0,0.76774,0.01208,0,0
290,7699,2365,93,7606,0,0,0,0,1162,0,39,3672,0,1203,0,54,3934,0.0,0.0,0.76774,0.01208,0,0
291,7699,2365,93,7606,0,0,0,0,1162,0,39,3672,0,1203,0,54,3934,0.0,0.0,0.76774,0.01208,0,0
292,7699,2365,93,7606,0,0,0,0,1162,0,39,3672,0,1203,0,54,3934,0.0,0.0,0.76774,0.01208,0,0
293,7699,2365,93,7606,0,0,0,0,1162,0,39,3672,0,1203,0,54,3934,0.0,0.0,0.76774,0.01208,0,0
294,7699,2365,93,7606,0,0,0,0,1162,0,39,3672,0,1203,0,54,3934,0.0,0.0,0.76774,0.01208,0,0
295,7699,2365,93,7606,0,0,0,0,1162,0,39,3672,0,1203,0,54,3934,0.0,0.0,0.76774,0.01208,0,0
296,7699,2365,93,7606,0,0,0,0,1162,0,39,3672,0,1203,0,54,3934,0.0,0.0,0.76774,0.01208,0,0
297,7699,2365,93,7606,0,0,0,0,1162,0,39,3672,0,1203,0,54,3934,0.0,0.0,0.76774,0.01208,0,0
298,7699,2365,93,7606,0,0,0,0,1162,0,39,3672,0,1203,0,54,3934,0.0,0.0,0.76774,0.01208,0,0
299,7699,2365,93,7606,0,0,0,0,1162,0,39,3672,0,1203,0,54,3934,0.0,0.0,0.76774,0.01208,0,0
300,7699,2365,93,7606,0,0,0,0,1162,0,39,3672,0,1203,0,54,3934,0.0,0.0,0.76774,0.01208,0,0
301,7699,2365,93,7606,0,0,0,0,1162,0,39,3672,0,1203,0,54,3934,0.0,0.0,0.76774,0.01208,0,0
302,7699,2365,93,7606,0,0,0,0,1162,0,39,3672,0,1203,0,54,3934,0.0,0.0,0.76774,0.01208,0,0
303,7699,2365,93,7606,0,0,0,0,1162,0,39,3672,0,1203,0,54,3934,0.0,0.0,0.76774,0.01208,0,0
304,7699,2365,93,7606,0,0,0,0,1162,0,39,3672,0,1203,0,54,3934,0.0,0.0,0.76774,0.01208,0,0
305,7699,2365,93,7606,0,0,0,0,1162,0,39,3672,0,1203,0,54,3934,0.0,0.0,0.76774,0.01208,0,0
306,7699,2365,93,7606,0,0,0,0,1162,0,39,3672,0,1203,0,54,3934,0.0,0.0,0.76774,0.01208,0,0
307,7699,2365,93,7606,0,0,0,0,1162,0,39,3672,0,1203,0,54,3934,0.0,0.0,0.76774,0.01208,0,0
308,7699,2365,93,7606,0,0,0,0,1162,0,39,3672,0,1203,0,54,3934,0.0,0.0,0.76774,0.01208,0,0
309,7699,2365,93,7606,0,0,0,0,1162,0,39,3672,0,1203,0,54,3934,0.0,0.0,0.76774,0.01208,0,0
310,7699,2365,93,7606,0,0,0,0,1162,0,39,3672,0,1203,0,54,3934,0.0,0.0,0.76774,0.01208,0,0
311,7699,2365,93,7606,0,0,0,0,1162,0,39,3672,0,1203,0,54,3934,0.0,0.0,0.76774,0.01208,0,0
312,7699,2365,93,7606,0,0,0,0,1162,0,39,3672,0,1203,0,54,3934,0.0,0.0,0.76774,0.01208,0,0
313,7699,2365,93,7606,0,0,0,0,1162,0,39,3672,0,1203,0,54,3934,0.0,0.0,0.76774,0.01208,0,0
314,7699,2365,93,7606,0,0,0,0,1162,0,39,3672,0,1203,0,54,3934,0.0,0.0,0.76774,0.01208,0,0
315,7699,2365,93,7606,0,0,0,0,1162,0,39,3672,0,1203,0,54,3934,0.0,0.0,0.76774,0.01208,0,0
316,7699,2365,93,7606,0,0,0,0,1162,0,39,3672,0,1203,0,54,3934,0.0,0.0,0.76774,0.01208,0,0
317,7699,2365,93,7606,0,0,0,0,1162,0,39,3672,0,1203,0,54,3934,0.0,0.0,0.76774,0.01208,0,0
318,7699,2365,93,7606,0,0,0,0,1162,0,39,3672,0,1203,0,54,3934,0.0,0.0,0.76774,0.01208,0,0
319,7699,2365,93,7606,0,0,0,0,1162,0,39,3672,0,1203,0,54,3934,0.0,0.0,0.76774,0.01208,0,0
320,7699,2365,93,7606,0,0,0,0,1162,0,39,3672,0,1203,0,54,3934,0.0,0.0,0.76774,0.01208,0,0
321,7699,2365,93,7606,0,0,0,0,1162,0,39,3672,0,1203,0,54,3934,0.0,0.0,0.76774,0.01208,0,0
322,7699,2365,93,7606,0,0,0,0,1162,0,39,3672,0,1203,0,54,3934,0.0,0.0,0.76774,0.01208,0,0
323,7699,2365,93,7606,0,0,0,0,1162,0,39,3672,0,1203,0,54,3934,0.0,0.0,0.76774,0.01208,0,0
324,7699,2365,93,7606,0,0,0,0,1162,0,39,3672,0,1203,0,54,3934,0.0,0.0,0.76774,0.01208,0,0
325,7699,2365,93,7606,0,0,0,0,1162,0,39,3672,0,1203,0,54,3934,0.0,0.0,0.76774,0.01208,0,0
326,7699,2365,93,7606,0,0,0,0,1162,0,39,3672,0,1203,0,54,3934,0.0,0.0,0.76774,0.01208,0,0
327,7699,2365,93,7606,0,0,0,0,1162,0,39,3672,0,1203,0,54,3934,0.0,0.0,0.76774,0.01208,0,0
328,7699,2365,93,7606,0,0,0,0,1162,0,39,3672,0,1203,0,54,3934,0.0,0.0,0.76774,0.01208,0,0
329,7699,2365,93,7606,0,0,0,0,1162,0,39,3672,0,1203,0,54,3934,0.0,0.0,0.76774,0.01208,0,0
330,7699,2365,93,7606,0,0,0,0,1162,0,39,3672,0,1203,0,54,3934,0.0,0.0,0.76774,0.01208,0,0
331,7699,2365,93,7606,0,0,0,0,1162,0,39,3672,0,1203,0,54,3934,0.0,0.0,0.76774,0.01208,0,0
332,7699,2365,93,7606,0,0,0,0,1162,0,39,3672,0,1203,0,54,3934,0.0,0.0,0.76774,0.01208,0,0
333,7699,2365,93,7606,0,0,0,0,1162,0,39,3672,0,1203,0,54,3934,0.0,0.0,0.76774,0.01208,0,0
334,7699,2365,93,7606,0,0,0,0,1162,0,39,3672,0,1203,0,54,3934,0.0,0.0,0.76774,0.01208,0,0
335,7699,2365,93,7606,0,0,0,0,1162,0,39,3672,0,1203,0,54,3934,0.0,0.0,0.76774,0.01208,0,0
336,7699,2365,93,7606,0,0,0,0,1162,0,39,3672,0,1203,0,54,3934,0.0,0.0,0.76774,0.01208,0,0
337,7699,2365,93,7606,0,0,0,0,1162,0,39,3672,0,1203,0,54,3934,0.0,0.0,0.76774,0.01208,0,0
338,7699,2365,93,7606,0,0,0,0,1162,0,39,3672,0,1203,0,54,3934,0.0,0.0,0.76774,0.01208,0,0
339,7699,2365,93,7606,0,0,0,0,1162,0,39,3672,0,1203,0,54,3934,0.0,0.0,0.76774,0.01208,0,0
340,7699,2365,93,7606,0,0,0,0,1162,0,39,3672,0,1203,0,54,3934,0.0,0.0,0.76774,0.01208,0,0
341,7699,2365,93,7606,0,0,0,0,1162,0,39,3672,0,1203,0,54,3934,0.0,0.0,0.76774,0.01208,0,0
342,7699,2365,93,7606,0,0,0,0,1162,0,39,3672,0,1203,0,54,3934,0.0,0.0,0.76774,0.01208,0,0
343,7699,2365,93,7606,0,0,0,0,1162,0,39,3672,0,1203,0,54,3934,0.0,0.0,0.76774,0.01208,0,0
344,7699,2365,93,7606,0,0,0,0,1162,0,39,3672,0,1203,0,54,3934,0.0,0.0,0.76774,0.01208,0,0
345,7699,2365,93,7606,0,0,0,0,1162,0,39,3672,0,1203,0,54,3934,0.0,0.0,0.76774,0.01208,0,0
346,7699,2365,93,7606,0,0,0,0,1162,0,39,3672,0,1203,0,54,3934,0.0,0.0,0.76774,0.01208,0,0
347,7699,2365,93,7606,0,0,0,0,1162,0,39,3672,0,1203,0,54,3934,0.0,0.0,0.76774,0.01208,0,0
348,7699,2365,93,7606,0,0,0,0,1162,0,39,3672,0,1203,0,54,3934,0.0,0.0,0.76774,0.01208,0,0
349,7699,2365,93,7606,0,0,0,0,1162,0,39,3672,0,1203,0,54,3934,0.0,0.0,0.76774,0.01208,0,0
350,7699,2365,93,7606,0,0,0,0,1162,0,39,3672,0,1203,0,54,3934,0.0,0.0,0.76774,0.01208,0,0
351,7699,2365,93,7606,0,0,0,0,1162,0,39,3672,0,1203,0,54,3934,0.0,0.0,0.76774,0.01208,0,0
352,7699,2365,93,7606,0,0,0,0,1162,0,39,3672,0,1203,0,54,3934,0.0,0.0,0.76774,0.01208,0,0
353,7699,2365,93,7606,0,0,0,0,1162,0,39,3672,0,1203,0,54,3934,0.0,0.0,0.76774,0.01208,0,0
354,7699,2365,93,7606,0,0,0,0,1162,0,39,3672,0,1203,0,54,3934,0.0,0.0,0.76774,0.01208,0,0
355,7699,2365,93,7606,0,0,0,0,1162,0,39,3672,0,1203,0,54,3934,0.0,0.0,0.76774,0.01208,0,0
356,7699,2365,93,7606,0,0,0,0,1162,0,39,3672,0,1203,0,54,3934,0.0,0.0,0.76774,0.01208,0,0
357,7699,2365,93,7606,0,0,0,0,1162,0,39,3672,0,1203,0,54,3934,0.0,0.0,0.76774,0.01208,0,0
358,7699,2365,93,7606,0,0,0,0,1162,0,39,3672,0,1203,0,54,3934,0.0,0.0,0.76774,0.01208,0,0
359,7699,2365,93,7606,0,0,0,0,1162,0,39,3672,0,1203,0,54,3934,0.0,0.0,0.76774,0.01208,0,0
360,7699,2365,93,7606,0,0,0,0,1162,0,39,3672,0,1203,0,54,3934,0.0,0.0,0.76774,0.01208,0,0
