Day,Total infected,Total tested,Total deaths,Total recovered,Infected,In treatment,Infected in A,Tested in A,In treatment in A,Deaths in A,Recovered in A,Infected in B,Tested in B,In treatment in B,Deaths in B,Recovered in B,Infected population %,Death rate
1,5,0,0,0,5,0,5,0,0,0,0,0,0,0,0,0,0.00167,0.0
2,8,1,0,0,8,0,8,1,0,0,0,0,0,0,0,0,0.00267,0.0
3,10,1,0,0,10,0,10,1,0,0,0,0,0,0,0,0,0.00333,0.0
4,15,2,0,0,15,1,15,2,1,0,0,0,0,0,0,0,0.005,0.0
5,20,3,0,0,20,1,20,3,1,0,0,0,0,0,0,0,0.00667,0.0
6,22,7,0,0,22,1,22,7,1,0,0,0,0,0,0,0,0.00733,0.0
7,25,8,0,0,25,1,25,8,1,0,0,0,0,0,0,0,0.00833,0.0
8,26,8,0,1,25,2,25,8,2,0,1,0,0,0,0,0,0.00833,0.0
9,26,10,0,1,25,2,25,10,2,0,1,0,0,0,0,0,0.00833,0.0
10,28,12,0,3,25,1,19,12,1,0,3,6,0,0,0,0,0.00833,0.0
11,30,15,0,3,27,1,21,13,1,0,3,6,2,0,0,0,0.009,0.0
12,34,16,0,5,29,3,22,13,3,0,5,7,3,0,0,0,0.00967,0.0
13,35,17,1,7,27,2,20,14,2,1,7,7,3,0,0,0,0.009,0.02857
14,36,20,1,8,27,2,17,15,2,1,8,10,5,0,0,0,0.009,0.02778
15,41,21,1,15,25,3,16,16,3,1,13,9,5,0,0,2,0.00833,0.02439
16,42,23,1,16,25,3,17,18,3,1,13,8,5,0,0,3,0.00833,0.02381
17,42,23,1,17,24,3,16,18,3,1,14,8,5,0,0,3,0.008,0.02381
18,43,26,1,21,21,3,16,21,3,1,15,5,5,0,0,6,0.007,0.02326
19,45,29,1,23,21,4,16,23,4,1,17,5,6,0,0,6,0.007,0.02222
20,49,30,1,25,23,5,18,24,4,1,18,5,6,1,0,7,0.00767,0.02041
21,52,35,1,28,23,4,17,28,3,1,21,6,7,1,0,7,0.00767,0.01923
22,55,35,1,31,23,1,17,28,0,1,24,6,7,1,0,7,0.00767,0.01818
23,61,37,1,32,28,2,20,30,1,1,24,8,7,1,0,8,0.00933,0.01639
24,66,38,1,32,33,3,25,30,2,1,24,8,8,1,0,8,0.011,0.01515
25,69,41,1,36,32,3,22,32,2,1,27,10,9,1,0,9,0.01067,0.01449
26,72,41,1,38,33,3,22,32,2,1,28,11,9,1,0,10,0.011,0.01389
27,75,43,1,41,33,3,20,34,2,1,31,13,9,1,0,10,0.011,0.01333
28,79,47,1,42,36,2,22,37,2,1,31,14,10,0,0,11,0.012,0.01266
29,82,49,1,43,38,2,26,39,2,1,31,12,10,0,0,12,0.01267,0.0122
30,85,49,1,44,40,3,28,39,3,1,32,12,10,0,0,12,0.01333,0.01176
31,90,52,1,49,40,2,28,40,2,1,36,12,12,0,0,13,0.01333,0.01111
32,100,53,1,51,48,3,34,41,3,1,38,14,12,0,0,13,0.016,0.01
33,107,55,1,54,52,4,39,43,4,1,39,13,12,0,0,15,0.01733,0.00935
34,110,59,1,56,53,5,41,46,4,1,41,12,13,1,0,15,0.01767,0.00909
35,116,60,1,58,57,5,45,46,4,1,42,12,14,1,0,16,0.019,0.00862
36,131,63,1,64,66,5,54,49,4,1,46,12,14,1,0,18,0.022,0.00763
37,140,70,1,68,71,5,55,53,4,1,49,16,17,1,0,19,0.02367,0.00714
38,149,79,1,73,75,4,55,60,3,1,53,20,19,1,0,20,0.025,0.00671
39,158,81,1,78,79,3,60,61,2,1,55,19,20,1,0,23,0.02633,0.00633
40,173,84,1,85,87,2,63,63,1,1,62,24,21,1,0,23,0.029,0.00578
41,182,89,1,91,90,3,66,67,2,1,66,24,22,1,0,25,0.03,0.00549
42,201,96,1,93,107,3,79,71,3,1,67,28,25,0,0,26,0.03567,0.00498
43,215,100,1,99,115,3,86,74,3,1,71,29,26,0,0,28,0.03833,0.00465
44,230,108,2,105,123,6,92,81,5,2,74,31,27,1,0,31,0.041,0.0087
45,257,119,2,108,147,6,102,90,5,2,76,45,29,1,0,32,0.049,0.00778
46,279,131,2,113,164,8,108,95,7,2,80,56,36,1,0,33,0.05467,0.00717
47,306,139,2,122,182,8,120,102,8,2,86,62,37,0,0,36,0.06067,0.00654
48,345,148,4,132,209,10,131,109,10,4,95,78,39,0,0,37,0.06967,0.01159
49,364,158,4,138,222,18,142,116,14,4,99,80,42,4,0,39,0.074,0.01099
50,388,175,4,149,235,21,147,124,15,4,106,88,51,6,0,43,0.07833,0.01031
51,422,190,4,163,255,24,159,135,14,4,117,96,55,10,0,46,0.085,0.00948
52,449,206,5,177,267,31,167,142,18,4,126,100,64,13,1,51,0.089,0.01114
53,478,224,6,188,284,27,172,154,14,5,134,112,70,13,1,54,0.09467,0.01255
54,514,237,6,206,302,34,174,164,18,5,146,128,73,16,1,60,0.10067,0.01167
55,560,254,6,225,329,35,183,174,20,5,157,146,80,15,1,68,0.10967,0.01071
56,603,274,6,247,350,36,192,189,20,5,170,158,85,16,1,77,0.11667,0.00995
57,640,296,6,267,367,44,202,203,27,5,180,165,93,17,1,87,0.12233,0.00937
58,682,328,6,290,386,50,208,223,31,5,194,178,105,19,1,96,0.12867,0.0088
59,719,349,7,314,398,45,208,233,30,5,209,190,116,15,2,105,0.13267,0.00974
60,766,370,8,338,420,39,219,247,24,5,228,201,123,15,3,110,0.14,0.01044
61,813,387,8,374,431,35,219,253,19,5,247,212,134,16,3,127,0.14367,0.00984
62,861,404,8,411,442,37,219,255,16,5,274,223,149,21,3,137,0.14733,0.00929
63,909,433,9,443,457,38,233,269,17,5,286,224,164,21,4,157,0.15233,0.0099
64,953,458,9,461,483,44,240,281,20,5,295,243,177,24,4,166,0.161,0.00944
65,1001,486,9,499,493,40,246,293,19,5,314,247,193,21,4,185,0.16433,0.00899
66,1052,516,10,531,511,44,253,308,17,6,332,258,208,27,4,199,0.17033,0.00951
67,1109,545,13,565,531,49,259,318,22,7,349,272,227,27,6,216,0.177,0.01172
68,1167,586,13,596,558,54,264,340,26,7,362,294,246,28,6,234,0.186,0.01114
69,1213,628,13,634,566,60,268,364,31,7,381,298,264,29,6,253,0.18867,0.01072
70,1271,666,14,668,589,67,277,381,35,7,398,312,285,32,7,270,0.19633,0.01101
71,1324,701,15,710,599,68,277,400,31,8,422,322,301,37,7,288,0.19967,0.01133
72,1375,734,15,762,598,64,270,416,28,8,446,328,318,36,7,316,0.19933,0.01091
73,1420,767,15,799,606,68,273,433,31,8,459,333,334,37,7,340,0.202,0.01056
74,1457,794,16,860,581,71,264,450,33,9,486,317,344,38,7,374,0.19367,0.01098
75,1502,821,16,904,582,72,275,463,34,9,505,307,358,38,7,399,0.194,0.01065
76,1551,854,17,950,584,70,267,478,32,9,529,317,376,38,8,421,0.19467,0.01096
77,1593,894,18,1011,564,61,265,490,31,9,558,299,404,30,9,453,0.188,0.0113
78,1619,926,18,1070,531,61,250,501,36,9,587,281,425,25,9,483,0.177,0.01112
79,1657,960,18,1113,526,64,242,519,31,9,607,284,441,33,9,506,0.17533,0.01086
80,1682,992,19,1158,505,64,228,530,32,10,627,277,462,32,9,531,0.16833,0.0113
81,1713,1023,20,1204,489,64,219,550,32,11,647,270,473,32,9,557,0.163,0.01168
82,1743,1050,21,1254,468,62,212,558,28,12,670,256,492,34,9,584,0.156,0.01205
83,1774,1077,21,1305,448,54,207,568,23,12,698,241,509,31,9,607,0.14933,0.01184
84,1795,1105,23,1363,409,47,193,584,25,12,726,216,521,22,11,637,0.13633,0.01281
85,1814,1130,23,1399,392,44,189,597,23,12,740,203,533,21,11,659,0.13067,0.01268
86,1832,1151,23,1447,362,48,176,607,28,12,765,186,544,20,11,682,0.12067,0.01255
87,1851,1176,23,1491,337,44,166,621,24,12,788,171,555,20,11,703,0.11233,0.01243
88,1865,1195,25,1526,314,43,156,630,25,12,802,158,565,18,13,724,0.10467,0.0134
89,1877,1211,25,1564,288,38,145,640,21,12,821,143,571,17,13,743,0.096,0.01332
90,1889,1222,25,1596,268,36,127,646,19,12,841,141,576,17,13,755,0.08933,0.01323
91,1903,1235,25,1630,248,35,116,651,18,12,858,132,584,17,13,772,0.08267,0.01314
92,1916,1264,26,1655,235,40,108,664,16,13,876,127,600,24,13,779,0.07833,0.01357
93,1924,1281,27,1693,204,36,94,669,15,14,893,110,612,21,13,800,0.068,0.01403
94,1933,1292,27,1716,190,33,88,676,13,14,902,102,616,20,13,814,0.06333,0.01397
95,1938,1299,27,1734,177,32,86,681,13,14,908,91,618,19,13,826,0.059,0.01393
96,1948,1307,27,1766,155,24,83,685,11,14,920,72,622,13,13,846,0.05167,0.01386
97,1954,1312,27,1791,136,19,74,688,10,14,930,62,624,9,13,861,0.04533,0.01382
98,1961,1319,27,1804,130,16,68,692,8,14,940,62,627,8,13,864,0.04333,0.01377
99,1967,1326,27,1822,118,14,60,697,6,14,950,58,629,8,13,872,0.03933,0.01373
100,1973,1337,28,1838,107,10,55,701,4,15,959,52,636,6,13,879,0.03567,0.01419
101,1980,1343,28,1851,101,7,52,706,3,15,966,49,637,4,13,885,0.03367,0.01414
102,1984,1349,29,1859,96,4,52,709,3,16,968,44,640,1,13,891,0.032,0.01462
103,1989,1356,29,1871,89,6,51,712,4,16,974,38,644,2,13,897,0.02967,0.01458
104,1991,1363,29,1880,82,7,46,717,5,16,980,36,646,2,13,900,0.02733,0.01457
105,1994,1365,29,1895,70,9,39,719,6,16,987,31,646,3,13,908,0.02333,0.01454
106,2000,1369,31,1904,65,10,36,721,6,18,992,29,648,4,13,912,0.02167,0.0155
107,2005,1372,31,1911,63,11,34,722,7,18,996,29,650,4,13,915,0.021,0.01546
108,2007,1375,31,1920,56,9,32,724,7,18,1001,24,651,2,13,919,0.01867,0.01545
109,2010,1380,32,1929,49,9,27,728,7,19,1006,22,652,2,13,923,0.01633,0.01592
110,2014,1382,32,1935,47,13,26,728,10,19,1008,21,654,3,13,927,0.01567,0.01589
111,2017,1386,32,1939,46,11,24,731,8,19,1012,22,655,3,13,927,0.01533,0.01587
112,2019,1390,34,1942,43,9,20,732,7,21,1013,23,658,2,13,929,0.01433,0.01684
113,2024,1392,34,1947,43,7,18,733,5,21,1016,25,659,2,13,931,0.01433,0.0168
114,2025,1392,34,1950,41,7,18,733,5,21,1017,23,659,2,13,933,0.01367,0.01679
115,2027,1395,35,1955,37,6,15,734,5,22,1019,22,661,1,13,936,0.01233,0.01727
116,2027,1399,35,1959,33,5,12,736,4,22,1022,21,663,1,13,937,0.011,0.01727
117,2028,1402,36,1962,30,4,9,737,3,23,1024,21,665,1,13,938,0.01,0.01775
118,2030,1405,36,1966,28,2,9,738,2,23,1025,19,667,0,13,941,0.00933,0.01773
119,2031,1405,36,1969,26,4,9,738,2,23,1025,17,667,2,13,944,0.00867,0.01773
120,2031,1407,36,1971,24,4,8,738,2,23,1026,16,669,2,13,945,0.008,0.01773
121,2033,1407,37,1975,21,3,6,738,1,24,1029,15,669,2,13,946,0.007,0.0182
122,2036,1408,37,1978,21,3,5,738,0,24,1031,16,670,3,13,947,0.007,0.01817
123,2038,1410,37,1982,19,3,7,738,0,24,1031,12,672,3,13,951,0.00633,0.01816
124,2040,1414,37,1983,20,3,9,738,0,24,1031,11,676,3,13,952,0.00667,0.01814
125,2043,1414,37,1985,21,2,10,738,0,24,1032,11,676,2,13,953,0.007,0.01811
126,2044,1414,37,1990,17,1,8,738,0,24,1034,9,676,1,13,956,0.00567,0.0181
127,2046,1415,37,1990,19,2,9,739,1,24,1034,10,676,1,13,956,0.00633,0.01808
128,2046,1416,37,1992,17,2,8,740,1,24,1035,9,676,1,13,957,0.00567,0.01808
129,2046,1416,38,1992,16,2,8,740,1,24,1035,8,676,1,14,957,0.00533,0.01857
130,2047,1417,38,1994,15,3,8,741,1,24,1036,7,676,2,14,958,0.005,0.01856
131,2048,1419,38,1994,16,4,8,742,2,24,1036,8,677,2,14,958,0.00533,0.01855
132,2049,1419,38,1995,16,5,9,742,2,24,1036,7,677,3,14,959,0.00533,0.01855
133,2049,1421,39,1995,15,4,9,743,2,24,1036,6,678,2,15,959,0.005,0.01903
134,2049,1421,40,1996,13,3,7,743,1,25,1037,6,678,2,15,959,0.00433,0.01952
135,2049,1422,40,1997,12,2,6,744,0,25,1038,6,678,2,15,959,0.004,0.01952
136,2049,1424,40,2000,9,3,3,745,1,25,1041,6,679,2,15,959,0.003,0.01952
137,2049,1425,40,2002,7,3,2,746,1,25,1042,5,679,2,15,960,0.00233,0.01952
138,2049,1425,41,2003,5,2,2,746,1,25,1042,3,679,1,16,961,0.00167,0.02001
139,2049,1425,41,2003,5,2,2,746,1,25,1042,3,679,1,16,961,0.00167,0.02001
140,2049,1425,41,2003,5,2,2,746,1,25,1042,3,679,1,16,961,0.00167,0.02001
141,2049,1425,41,2004,4,1,2,746,1,25,1042,2,679,0,16,962,0.00133,0.02001
142,2049,1425,41,2006,2,0,1,746,0,25,1043,1,679,0,16,963,0.00067,0.02001
143,2049,1425,41,2006,2,0,1,746,0,25,1043,1,679,0,16,963,0.00067,0.02001
144,2049,1425,41,2006,2,0,1,746,0,25,1043,1,679,0,16,963,0.00067,0.02001
145,2049,1425,41,2006,2,0,1,746,0,25,1043,1,679,0,16,963,0.00067,0.02001
146,2049,1425,41,2007,1,0,0,746,0,25,1044,1,679,0,16,963,0.00033,0.02001
147,2049,1425,41,2008,0,0,0,746,0,25,1044,0,679,0,16,964,0.0,0.02001
148,2049,1425,41,2008,0,0,0,746,0,25,1044,0,679,0,16,964,0.0,0.02001
149,2049,1425,41,2008,0,0,0,746,0,25,1044,0,679,0,16,964,0.0,0.02001
150,2049,1425,41,2008,0,0,0,746,0,25,1044,0,679,0,16,964,0.0,0.02001
151,2049,1425,41,2008,0,0,0,746,0,25,1044,0,679,0,16,964,0.0,0.02001
152,2049,1425,41,2008,0,0,0,746,0,25,1044,0,679,0,16,964,0.0,0.02001
153,2049,1425,41,2008,0,0,0,746,0,25,1044,0,679,0,16,964,0.0,0.02001
154,2049,1425,41,2008,0,0,0,746,0,25,1044,0,679,0,16,964,0.0,0.02001
155,2049,1425,41,2008,0,0,0,746,0,25,1044,0,679,0,16,964,0.0,0.02001
156,2049,1425,41,2008,0,0,0,746,0,25,1044,0,679,0,16,964,0.0,0.02001
157,2049,1425,41,2008,0,0,0,746,0,25,1044,0,679,0,16,964,0.0,0.02001
158,2049,1425,41,2008,0,0,0,746,0,25,1044,0,679,0,16,964,0.0,0.02001
159,2049,1425,41,2008,0,0,0,746,0,25,1044,0,679,0,16,964,0.0,0.02001
160,2049,1425,41,2008,0,0,0,746,0,25,1044,0,679,0,16,964,0.0,0.02001
161,2049,1425,41,2008,0,0,0,746,0,25,1044,0,679,0,16,964,0.0,0.02001
162,2049,1425,41,2008,0,0,0,746,0,25,1044,0,679,0,16,964,0.0,0.02001
163,2049,1425,41,2008,0,0,0,746,0,25,1044,0,679,0,16,964,0.0,0.02001
164,2049,1425,41,2008,0,0,0,746,0,25,1044,0,679,0,16,964,0.0,0.02001
165,2049,1425,41,2008,0,0,0,746,0,25,1044,0,679,0,16,964,0.0,0.02001
166,2049,1425,41,2008,0,0,0,746,0,25,1044,0,679,0,16,964,0.0,0.02001
167,2049,1425,41,2008,0,0,0,746,0,25,1044,0,679,0,16,964,0.0,0.02001
168,2049,1425,41,2008,0,0,0,746,0,25,1044,0,679,0,16,964,0.0,0.02001
169,2049,1425,41,2008,0,0,0,746,0,25,1044,0,679,0,16,964,0.0,0.02001
170,2049,1425,41,2008,0,0,0,746,0,25,1044,0,679,0,16,964,0.0,0.02001
171,2049,1425,41,2008,0,0,0,746,0,25,1044,0,679,0,16,964,0.0,0.02001
172,2049,1425,41,2008,0,0,0,746,0,25,1044,0,679,0,16,964,0.0,0.02001
173,2049,1425,41,2008,0,0,0,746,0,25,1044,0,679,0,16,964,0.0,0.02001
174,2049,1425,41,2008,0,0,0,746,0,25,1044,0,679,0,16,964,0.0,0.02001
175,2049,1425,41,2008,0,0,0,746,0,25,1044,0,679,0,16,964,0.0,0.02001
176,2049,1425,41,2008,0,0,0,746,0,25,1044,0,679,0,16,964,0.0,0.02001
177,2049,1425,41,2008,0,0,0,746,0,25,1044,0,679,0,16,964,0.0,0.02001
178,2049,1425,41,2008,0,0,0,746,0,25,1044,0,679,0,16,964,0.0,0.02001
179,2049,1425,41,2008,0,0,0,746,0,25,1044,0,679,0,16,964,0.0,0.02001
180,2049,1425,41,2008,0,0,0,746,0,25,1044,0,679,0,16,964,0.0,0.02001
