Day,Total infected,Total tested,Total deaths,Total recovered,Infected,Actual tested,In treatment,Infected in A,Tested in A,In treatment in A,Deaths in A,Recovered in A,Infected in B,Tested in B,In treatment in B,Deaths in B,Recovered in B,Known infected %,Infected population %,Population immunity %,Death rate,Total isolated,Isolated
1,3,0,0,0,3,0,0,3,0,0,0,0,0,0,0,0,0,0.0,0.001,0.0,0.0,0.0,0.0
2,3,0,0,0,3,0,0,3,0,0,0,0,0,0,0,0,0,0.0,0.001,0.0,0.0,0.0,0.0
3,4,0,0,0,4,0,0,4,0,0,0,0,0,0,0,0,0,0.0,0.00133,0.0,0.0,0.0,0.0
4,5,0,0,0,5,0,0,5,0,0,0,0,0,0,0,0,0,0.0,0.00167,0.0,0.0,0.0,0.0
5,6,0,0,0,6,0,0,6,0,0,0,0,0,0,0,0,0,0.0,0.002,0.0,0.0,0.0,0.0
6,8,0,0,0,8,0,1,8,0,1,0,0,0,0,0,0,0,0.0,0.00267,0.0,0.0,0.0,0.0
7,9,1,0,0,9,1,1,9,1,1,0,0,0,0,0,0,0,0.00033,0.003,0.0,0.0,0.0,0.0
8,10,1,0,0,10,1,1,10,1,1,0,0,0,0,0,0,0,0.00033,0.00333,0.0,0.0,0.0,0.0
9,11,1,0,2,9,1,1,9,1,1,0,2,0,0,0,0,0,0.00033,0.003,0.00067,0.0,0.0,0.0
10,11,2,0,2,9,2,1,9,2,1,0,2,0,0,0,0,0,0.00067,0.003,0.00067,0.0,0.0,0.0
11,14,2,0,4,10,0,0,10,2,0,0,4,0,0,0,0,0,0.0,0.00333,0.00133,0.0,0.0,0.0
12,16,2,0,5,11,0,1,9,2,0,0,5,2,0,1,0,0,0.0,0.00367,0.00167,0.0,0.0,0.0
13,17,3,0,5,12,1,1,10,2,0,0,5,2,1,1,0,0,0.00033,0.004,0.00167,0.0,0.0,0.0
14,18,3,0,5,13,1,2,11,2,1,0,5,2,1,1,0,0,0.00033,0.00433,0.00167,0.0,0.0,0.0
15,18,4,0,8,10,1,1,9,3,1,0,7,1,1,0,0,1,0.00033,0.00333,0.00267,0.0,0.0,0.0
16,18,4,0,8,10,1,1,8,3,1,0,7,2,1,0,0,1,0.00033,0.00333,0.00267,0.0,0.0,0.0
17,19,5,0,9,10,2,1,8,4,1,0,8,2,1,0,0,1,0.00067,0.00333,0.003,0.0,0.0,0.0
18,21,5,0,9,12,2,1,8,4,1,0,8,4,1,0,0,1,0.00067,0.004,0.003,0.0,0.0,0.0
19,26,5,0,10,16,2,1,10,4,1,0,9,6,1,0,0,1,0.00067,0.00533,0.00333,0.0,0.0,0.0
20,31,5,0,11,20,2,1,13,4,1,0,10,7,1,0,0,1,0.00067,0.00667,0.00367,0.0,0.0,0.0
21,33,5,1,12,20,0,0,13,4,0,1,11,7,1,0,0,1,0.0,0.00667,0.004,0.0303,0.0,0.0
22,38,5,1,12,25,0,1,15,4,0,1,11,10,1,1,0,1,0.0,0.00834,0.004,0.02632,0.0,0.0
23,40,7,1,13,26,2,2,13,5,1,1,12,13,2,1,0,1,0.00067,0.00867,0.00433,0.025,0.0,0.0
24,45,9,1,15,29,4,2,14,7,1,1,13,15,2,1,0,2,0.00133,0.00967,0.005,0.02222,0.0,0.0
25,51,9,1,16,34,4,3,16,7,2,1,13,18,2,1,0,3,0.00133,0.01134,0.00534,0.01961,0.0,0.0
26,54,11,1,16,37,6,4,18,9,3,1,13,19,2,1,0,3,0.002,0.01234,0.00534,0.01852,0.0,0.0
27,65,12,1,18,46,7,4,24,10,3,1,14,22,2,1,0,4,0.00233,0.01534,0.006,0.01538,0.0,0.0
28,75,12,2,21,52,5,3,31,10,3,1,16,21,2,0,1,5,0.00167,0.01734,0.007,0.02667,0.0,0.0
29,82,12,2,22,58,5,4,37,10,3,1,16,21,2,1,1,6,0.00167,0.01935,0.00734,0.02439,0.0,0.0
30,94,13,2,26,66,5,3,41,10,2,1,19,25,3,1,1,7,0.00167,0.02201,0.00867,0.02128,0.0,0.0
31,105,14,2,30,73,4,4,42,11,1,1,21,31,3,3,1,9,0.00133,0.02435,0.01001,0.01905,0.0,0.0
32,112,17,4,33,75,5,3,42,12,0,2,22,33,5,3,2,11,0.00167,0.02503,0.01101,0.03571,0.0,0.0
33,130,21,4,36,90,9,5,48,12,2,2,24,42,9,3,2,12,0.003,0.03004,0.01202,0.03077,0.0,0.0
34,141,24,4,37,100,11,7,53,15,3,2,25,47,9,4,2,12,0.00367,0.03338,0.01235,0.02837,0.0,0.0
35,160,26,4,41,115,12,8,60,16,4,2,28,55,10,4,2,13,0.00401,0.03838,0.01368,0.025,0.0,0.0
36,181,31,5,47,129,15,8,71,18,4,2,32,58,13,4,3,15,0.00501,0.04307,0.01569,0.02762,0.0,0.0
37,201,33,5,56,140,13,5,72,18,3,2,37,68,15,2,3,19,0.00434,0.04674,0.0187,0.02488,0.0,0.0
38,231,35,5,65,161,11,7,84,19,5,2,41,77,16,2,3,24,0.00367,0.05376,0.0217,0.02165,0.0,0.0
39,245,37,5,73,167,10,8,86,21,5,2,44,81,16,3,3,29,0.00334,0.05576,0.02437,0.02041,0.0,0.0
40,268,42,5,84,179,14,7,92,24,4,2,50,87,18,3,3,34,0.00467,0.05977,0.02805,0.01866,0.0,0.0
41,299,43,5,97,197,15,8,102,25,4,2,55,95,18,4,3,42,0.00501,0.06578,0.03239,0.01672,0.0,0.0
42,328,45,5,111,212,13,8,105,26,4,2,64,107,19,4,3,47,0.00434,0.07078,0.03706,0.01524,0.0,0.0
43,349,47,5,122,222,13,13,109,27,6,2,70,113,20,7,3,52,0.00434,0.07412,0.04073,0.01433,0.0,0.0
44,374,59,5,138,231,22,14,109,31,6,2,79,122,28,8,3,59,0.00735,0.07713,0.04608,0.01337,0.0,0.0
45,401,66,5,152,244,25,18,121,34,7,2,85,123,32,11,3,67,0.00835,0.08147,0.05075,0.01247,0.0,0.0
46,426,71,5,169,252,24,20,120,37,7,2,95,132,34,13,3,74,0.00801,0.08414,0.05643,0.01174,0.0,0.0
47,463,82,5,201,257,27,23,121,43,8,2,105,136,39,15,3,96,0.00902,0.08581,0.06711,0.0108,0.0,0.0
48,494,91,5,215,274,35,30,136,44,12,2,111,138,47,18,3,104,0.01169,0.09149,0.07179,0.01012,0.0,0.0
49,552,102,6,234,312,39,26,153,49,8,3,122,159,53,18,3,112,0.01303,0.10421,0.07816,0.01087,0.0,0.0
50,584,107,6,252,326,37,27,162,49,10,3,131,164,58,17,3,121,0.01236,0.10888,0.08417,0.01027,0.0,0.0
51,627,116,6,283,338,36,28,163,54,10,3,147,175,62,18,3,136,0.01202,0.11289,0.09452,0.00957,0.0,0.0
52,680,125,7,311,362,37,30,169,59,13,3,162,193,66,17,4,149,0.01236,0.12095,0.10391,0.01029,0.0,0.0
53,731,135,7,337,387,38,27,182,66,12,3,176,205,69,15,4,161,0.0127,0.1293,0.1126,0.00958,0.0,0.0
54,782,145,7,363,412,40,30,193,70,15,3,188,219,75,15,4,175,0.01336,0.13765,0.12128,0.00895,0.0,0.0
55,832,157,7,389,436,43,29,211,77,16,3,199,225,80,13,4,190,0.01437,0.14567,0.12997,0.00841,0.0,0.0
56,885,171,7,411,467,51,38,233,86,21,3,212,234,85,17,4,199,0.01704,0.15603,0.13732,0.00791,0.0,0.0
57,948,184,7,441,500,54,38,245,92,22,3,226,255,92,16,4,215,0.01804,0.16706,0.14734,0.00738,0.0,0.0
58,1010,196,8,475,527,51,36,256,98,19,3,242,271,98,17,5,233,0.01705,0.17614,0.15876,0.00792,0.0,0.0
59,1057,205,8,508,541,51,46,264,103,23,3,256,277,102,23,5,252,0.01705,0.18082,0.16979,0.00757,0.0,0.0
60,1119,222,9,545,565,57,45,281,112,21,4,276,284,110,24,5,269,0.01906,0.1889,0.18221,0.00804,0.0,0.0
61,1182,236,9,595,578,55,44,293,118,19,4,300,285,118,25,5,295,0.01839,0.19325,0.19893,0.00761,0.0,0.0
62,1249,254,9,641,599,59,45,305,126,21,4,323,294,128,24,5,318,0.01973,0.20027,0.21431,0.00721,0.0,0.0
63,1314,268,9,683,622,62,47,311,133,23,4,347,311,135,24,5,336,0.02073,0.20796,0.22835,0.00685,0.0,0.0
64,1380,287,9,731,640,64,48,328,142,25,4,371,312,145,23,5,360,0.0214,0.21398,0.2444,0.00652,0.0,0.0
65,1443,307,9,779,655,68,46,340,153,28,4,398,315,154,18,5,381,0.02273,0.21899,0.26045,0.00624,0.0,0.0
66,1504,323,10,839,655,74,52,336,164,32,4,423,319,159,20,6,416,0.02475,0.21906,0.2806,0.00665,0.0,0.0
67,1560,342,10,893,657,75,54,345,175,32,4,450,312,167,22,6,443,0.02508,0.21973,0.29866,0.00641,0.0,0.0
68,1607,355,10,957,640,66,48,334,183,26,4,486,306,172,22,6,471,0.02207,0.21405,0.32007,0.00622,0.0,0.0
69,1644,369,12,1018,614,64,51,324,190,27,6,514,290,179,24,6,504,0.02142,0.20549,0.3407,0.0073,0.0,0.0
70,1688,386,12,1070,606,69,51,323,199,28,6,542,283,187,23,6,528,0.02309,0.20281,0.3581,0.00711,0.0,0.0
71,1731,405,12,1137,582,69,54,313,209,28,6,577,269,196,26,6,560,0.02309,0.19478,0.38052,0.00693,0.0,0.0
72,1781,429,13,1204,564,79,58,306,221,30,7,611,258,208,28,6,593,0.02645,0.18882,0.40308,0.0073,0.0,0.0
73,1815,452,14,1266,535,78,53,286,233,25,8,644,249,219,28,6,622,0.02612,0.17917,0.42398,0.00771,0.0,0.0
74,1857,469,15,1324,518,76,47,277,240,23,9,674,241,229,24,6,650,0.02546,0.17353,0.44355,0.00808,0.0,0.0
75,1893,482,16,1378,499,76,47,265,248,24,9,699,234,234,23,7,679,0.02547,0.16723,0.4618,0.00845,0.0,0.0
76,1931,495,16,1431,484,70,44,257,253,23,9,727,227,242,21,7,704,0.02346,0.1622,0.47956,0.00829,0.0,0.0
77,1958,508,16,1486,456,69,45,241,263,24,9,757,215,245,21,7,729,0.02312,0.15282,0.49799,0.00817,0.0,0.0
78,1988,520,16,1532,440,71,47,234,268,26,9,780,206,252,21,7,752,0.02379,0.14745,0.5134,0.00805,0.0,0.0
79,2027,536,17,1588,422,61,35,226,276,21,10,810,196,260,14,7,778,0.02045,0.14147,0.53235,0.00839,0.0,0.0
80,2050,547,18,1629,403,60,33,216,282,18,11,828,187,265,15,7,801,0.02012,0.13514,0.54628,0.00878,0.0,0.0
81,2072,562,18,1686,368,58,29,202,291,16,11,860,166,271,13,7,826,0.01945,0.12341,0.56539,0.00869,0.0,0.0
82,2094,573,20,1720,354,55,29,188,297,19,12,880,166,276,10,8,840,0.01846,0.11879,0.57718,0.00955,0.0,0.0
83,2110,583,20,1761,329,52,30,171,303,17,12,905,158,280,13,8,856,0.01745,0.1104,0.59094,0.00948,0.0,0.0
84,2133,590,20,1804,309,52,31,162,306,16,12,928,147,284,15,8,876,0.01745,0.10369,0.60537,0.00938,0.0,0.0
85,2146,602,20,1843,283,52,30,148,311,16,12,950,135,291,14,8,893,0.01745,0.09497,0.61812,0.00932,0.0,0.0
86,2164,607,22,1869,273,46,26,138,315,13,13,964,135,292,13,9,905,0.01545,0.09167,0.62727,0.01017,0.0,0.0
87,2176,612,22,1903,251,40,24,124,319,8,13,981,127,293,16,9,922,0.01343,0.08428,0.63835,0.01011,0.0,0.0
88,2192,618,22,1934,236,35,19,118,319,5,13,997,118,299,14,9,937,0.01175,0.07925,0.64842,0.01004,0.0,0.0
89,2203,626,22,1968,213,32,19,109,320,5,13,1011,104,306,14,9,957,0.01075,0.07152,0.6595,0.00999,0.0,0.0
90,2217,629,22,1996,199,32,23,99,321,7,13,1026,100,308,16,9,970,0.01075,0.06682,0.66891,0.00992,0.0,0.0
91,2226,638,23,2035,168,28,18,90,327,7,13,1039,78,311,11,10,996,0.00941,0.05643,0.68223,0.01033,0.0,0.0
92,2234,640,23,2056,155,23,17,81,327,7,13,1050,74,313,10,10,1006,0.00773,0.05207,0.68928,0.0103,0.0,0.0
93,2238,642,24,2081,133,15,16,72,328,9,13,1065,61,314,7,11,1016,0.00504,0.04469,0.69758,0.01072,0.0,0.0
94,2245,650,25,2095,125,17,14,64,334,8,13,1074,61,316,6,12,1021,0.00571,0.04202,0.70252,0.01114,0.0,0.0
95,2254,652,26,2107,121,16,12,63,334,6,13,1082,58,318,6,13,1025,0.00538,0.04069,0.70679,0.01154,0.0,0.0
96,2259,655,27,2125,107,14,13,56,336,5,14,1090,51,319,8,13,1035,0.00471,0.03599,0.71275,0.01195,0.0,0.0
97,2267,659,28,2136,103,13,10,51,336,2,15,1098,52,323,8,13,1038,0.00437,0.03466,0.71669,0.01235,0.0,0.0
98,2272,663,28,2145,99,14,9,49,338,1,15,1102,50,325,8,13,1043,0.00471,0.03331,0.71938,0.01232,0.0,0.0
99,2276,664,28,2158,90,12,8,44,338,1,15,1108,46,326,7,13,1050,0.00404,0.03028,0.72376,0.0123,0.0,0.0
100,2283,666,28,2174,81,10,9,42,338,2,15,1114,39,328,7,13,1060,0.00336,0.02725,0.72914,0.01226,0.0,0.0
101,2287,669,28,2187,72,8,7,39,340,1,15,1118,33,329,6,13,1069,0.00269,0.02423,0.73351,0.01224,0.0,0.0
102,2294,670,28,2198,68,7,5,38,340,1,15,1124,30,330,4,13,1074,0.00236,0.02288,0.73688,0.01221,0.0,0.0
103,2295,671,28,2206,61,6,3,34,340,1,15,1129,27,331,2,13,1077,0.00202,0.02052,0.7389,0.0122,0.0,0.0
104,2296,671,28,2213,55,5,3,28,340,1,15,1136,27,331,2,13,1077,0.00168,0.01851,0.74125,0.0122,0.0,0.0
105,2300,673,28,2219,53,6,4,24,341,2,15,1139,29,332,2,13,1080,0.00202,0.01783,0.74327,0.01217,0.0,0.0
106,2300,675,29,2228,43,5,2,19,342,1,16,1143,24,333,1,13,1085,0.00168,0.01447,0.74554,0.01261,0.0,0.0
107,2304,675,29,2236,39,3,2,17,342,2,16,1146,22,333,0,13,1090,0.00101,0.01313,0.74823,0.01259,0.0,0.0
108,2305,676,29,2239,37,4,3,16,343,2,16,1147,21,333,1,13,1092,0.00135,0.01245,0.74891,0.01258,0.0,0.0
109,2309,677,30,2244,35,3,4,13,343,1,17,1151,22,334,3,13,1093,0.00101,0.01178,0.75051,0.01299,0.0,0.0
110,2312,680,30,2248,34,6,4,12,343,1,17,1153,22,337,3,13,1095,0.00202,0.01145,0.75152,0.01298,0.0,0.0
111,2314,680,30,2253,31,6,6,9,343,2,17,1156,22,337,4,13,1097,0.00202,0.01044,0.75286,0.01296,0.0,0.0
112,2316,682,30,2256,30,7,7,9,344,2,17,1157,21,338,5,13,1099,0.00236,0.0101,0.75354,0.01295,0.0,0.0
113,2317,684,30,2259,28,7,7,9,345,2,17,1158,19,339,5,13,1101,0.00236,0.00943,0.75455,0.01295,0.0,0.0
114,2319,684,30,2264,25,5,5,7,345,1,17,1160,18,339,4,13,1104,0.00168,0.00842,0.75556,0.01294,0.0,0.0
115,2320,684,31,2265,24,4,6,8,345,1,17,1161,16,339,5,14,1104,0.00135,0.00808,0.75514,0.01336,0.0,0.0
116,2321,686,31,2266,24,5,6,8,345,2,17,1161,16,341,4,14,1105,0.00168,0.00808,0.75514,0.01336,0.0,0.0
117,2323,688,31,2269,23,6,5,9,346,2,17,1161,14,342,3,14,1108,0.00202,0.00775,0.75514,0.01334,0.0,0.0
118,2323,688,31,2272,20,4,3,8,346,2,17,1162,12,342,1,14,1110,0.00135,0.00674,0.75581,0.01334,0.0,0.0
119,2324,688,31,2275,18,3,2,8,346,1,17,1164,10,342,1,14,1111,0.00101,0.00606,0.75682,0.01334,0.0,0.0
120,2325,688,31,2281,13,2,2,7,346,1,17,1166,6,342,1,14,1115,0.00067,0.00438,0.75884,0.01333,0.0,0.0
121,2326,688,31,2282,13,2,3,8,346,1,17,1166,5,342,2,14,1116,0.00067,0.00438,0.75817,0.01333,0.0,0.0
122,2326,689,31,2283,12,3,3,7,346,1,17,1167,5,343,2,14,1116,0.00101,0.00404,0.75817,0.01333,0.0,0.0
123,2327,690,31,2285,11,2,1,6,347,0,17,1168,5,343,1,14,1117,0.00067,0.0037,0.75749,0.01332,0.0,0.0
124,2327,690,31,2287,9,2,1,5,347,0,17,1169,4,343,1,14,1118,0.00067,0.00303,0.75817,0.01332,0.0,0.0
125,2328,690,31,2287,10,2,1,7,347,0,17,1169,3,343,1,14,1118,0.00067,0.00337,0.75716,0.01332,0.0,0.0
126,2329,690,32,2288,9,1,1,7,347,1,17,1170,2,343,0,15,1118,0.00034,0.00303,0.75606,0.01374,0.0,0.0
127,2329,691,32,2289,8,1,1,6,348,1,17,1171,2,343,0,15,1118,0.00034,0.0027,0.75573,0.01374,0.0,0.0
128,2330,692,32,2290,8,1,1,7,348,1,17,1171,1,344,0,15,1119,0.00034,0.0027,0.75438,0.01373,0.0,0.0
129,2332,692,32,2291,9,1,1,8,348,1,17,1172,1,344,0,15,1119,0.00034,0.00303,0.75404,0.01372,0.0,0.0
130,2333,692,32,2293,8,0,1,7,348,1,17,1174,1,344,0,15,1119,0.0,0.0027,0.75438,0.01372,0.0,0.0
131,2335,694,32,2293,10,2,1,8,350,1,17,1174,2,344,0,15,1119,0.00067,0.00337,0.75371,0.0137,0.0,0.0
132,2336,694,32,2293,11,2,1,8,350,1,17,1174,3,344,0,15,1119,0.00067,0.00371,0.75236,0.0137,0.0,0.0
133,2336,695,32,2294,10,2,0,5,351,0,17,1175,5,344,0,15,1119,0.00067,0.00337,0.75168,0.0137,0.0,0.0
134,2337,695,32,2296,9,1,1,4,351,0,17,1176,5,344,1,15,1120,0.00034,0.00303,0.75067,0.01369,0.0,0.0
135,2338,696,32,2296,10,2,2,4,351,0,17,1176,6,345,2,15,1120,0.00067,0.00337,0.74865,0.01369,0.0,0.0
136,2339,698,32,2296,11,4,2,4,351,0,17,1176,7,347,2,15,1120,0.00135,0.00371,0.74562,0.01368,0.0,0.0
137,2340,698,32,2299,9,3,1,2,351,0,17,1178,7,347,1,15,1121,0.00101,0.00303,0.74427,0.01368,0.0,0.0
138,2342,698,32,2299,11,3,1,3,351,0,17,1178,8,347,1,15,1121,0.00101,0.00371,0.74191,0.01366,0.0,0.0
139,2343,698,33,2299,11,2,0,3,351,0,17,1178,8,347,0,16,1121,0.00067,0.00371,0.74014,0.01408,0.0,0.0
140,2343,698,33,2300,10,2,0,2,351,0,17,1178,8,347,0,16,1122,0.00067,0.00337,0.73745,0.01408,0.0,0.0
141,2343,698,33,2301,9,1,0,2,351,0,17,1178,7,347,0,16,1123,0.00034,0.00303,0.73441,0.01408,0.0,0.0
142,2344,699,33,2302,9,2,0,1,352,0,17,1179,8,347,0,16,1123,0.00067,0.00303,0.73306,0.01408,0.0,0.0
143,2345,699,33,2303,9,2,0,1,352,0,17,1180,8,347,0,16,1123,0.00067,0.00303,0.73205,0.01407,0.0,0.0
144,2345,699,33,2305,7,1,0,1,352,0,17,1180,6,347,0,16,1125,0.00034,0.00236,0.72835,0.01407,0.0,0.0
145,2345,699,33,2306,6,1,0,1,352,0,17,1180,5,347,0,16,1126,0.00034,0.00202,0.72666,0.01407,0.0,0.0
146,2345,699,33,2306,6,1,0,1,352,0,17,1180,5,347,0,16,1126,0.00034,0.00202,0.72329,0.01407,0.0,0.0
147,2346,700,33,2307,6,1,0,0,352,0,17,1181,6,348,0,16,1126,0.00034,0.00202,0.72194,0.01407,0.0,0.0
148,2346,700,33,2307,6,1,0,0,352,0,17,1181,6,348,0,16,1126,0.00034,0.00202,0.71891,0.01407,0.0,0.0
149,2346,700,33,2309,4,0,0,0,352,0,17,1181,4,348,0,16,1128,0.0,0.00135,0.71689,0.01407,0.0,0.0
150,2346,700,33,2309,4,0,0,0,352,0,17,1181,4,348,0,16,1128,0.0,0.00135,0.71486,0.01407,0.0,0.0
151,2346,700,33,2310,3,0,0,0,352,0,17,1181,3,348,0,16,1129,0.0,0.00101,0.71352,0.01407,0.0,0.0
152,2347,700,33,2310,4,0,0,0,352,0,17,1181,4,348,0,16,1129,0.0,0.00135,0.71014,0.01406,0.0,0.0
153,2348,700,33,2310,5,0,0,3,352,0,17,1181,2,348,0,16,1129,0.0,0.00169,0.7088,0.01405,0.0,0.0
154,2348,700,33,2310,5,0,0,3,352,0,17,1181,2,348,0,16,1129,0.0,0.00169,0.70745,0.01405,0.0,0.0
155,2349,700,33,2311,5,0,0,3,352,0,17,1181,2,348,0,16,1130,0.0,0.00169,0.70374,0.01405,0.0,0.0
156,2349,700,33,2312,4,0,0,3,352,0,17,1181,1,348,0,16,1131,0.0,0.00135,0.70138,0.01405,0.0,0.0
157,2349,700,33,2313,3,0,1,2,352,1,17,1182,1,348,0,16,1131,0.0,0.00101,0.69835,0.01405,0.0,0.0
158,2350,701,33,2313,4,1,1,2,353,1,17,1182,2,348,0,16,1131,0.00034,0.00135,0.69633,0.01404,0.0,0.0
159,2351,701,33,2313,5,1,1,2,353,1,17,1182,3,348,0,16,1131,0.00034,0.00169,0.69363,0.01404,0.0,0.0
160,2352,701,33,2313,6,1,1,2,353,1,17,1182,4,348,0,16,1131,0.00034,0.00202,0.68992,0.01403,0.0,0.0
161,2352,701,33,2313,6,1,1,2,353,1,17,1182,4,348,0,16,1131,0.00034,0.00202,0.68554,0.01403,0.0,0.0
162,2354,701,33,2313,8,1,1,4,353,1,17,1182,4,348,0,16,1131,0.00034,0.0027,0.68183,0.01402,0.0,0.0
163,2355,702,33,2313,9,2,1,5,353,1,17,1182,4,349,0,16,1131,0.00067,0.00303,0.67711,0.01401,0.0,0.0
164,2356,702,33,2315,8,1,0,3,353,0,17,1184,5,349,0,16,1131,0.00034,0.0027,0.67206,0.01401,0.0,0.0
165,2356,702,33,2316,7,1,0,3,353,0,17,1185,4,349,0,16,1131,0.00034,0.00236,0.66869,0.01401,0.0,0.0
166,2357,702,33,2316,8,1,1,3,353,1,17,1185,5,349,0,16,1131,0.00034,0.0027,0.66363,0.014,0.0,0.0
167,2359,703,33,2316,10,2,1,3,354,1,17,1185,7,349,0,16,1131,0.00067,0.00337,0.65554,0.01399,0.0,0.0
168,2360,703,33,2316,11,2,1,3,354,1,17,1185,8,349,0,16,1131,0.00067,0.00371,0.64948,0.01398,0.0,0.0
169,2360,703,33,2317,10,2,1,3,354,1,17,1185,7,349,0,16,1132,0.00067,0.00337,0.64476,0.01398,0.0,0.0
170,2361,703,33,2317,11,2,1,3,354,1,17,1185,8,349,0,16,1132,0.00067,0.00371,0.63869,0.01398,0.0,0.0
171,2363,703,34,2318,11,0,0,3,354,0,18,1185,8,349,0,16,1133,0.0,0.00371,0.63014,0.01439,0.0,0.0
172,2365,703,34,2319,12,0,0,4,354,0,18,1185,8,349,0,16,1134,0.0,0.00405,0.62171,0.01438,0.0,0.0
173,2367,703,34,2320,13,0,0,5,354,0,18,1185,8,349,0,16,1135,0.0,0.00438,0.61194,0.01436,0.0,0.0
174,2367,703,34,2320,13,0,1,5,354,0,18,1185,8,349,1,16,1135,0.0,0.00438,0.60418,0.01436,0.0,0.0
175,2368,704,34,2320,14,1,1,5,354,0,18,1185,9,350,1,16,1135,0.00034,0.00472,0.59474,0.01436,0.0,0.0
176,2371,704,34,2320,17,1,1,6,354,0,18,1185,11,350,1,16,1135,0.00034,0.00573,0.58496,0.01434,0.0,0.0
177,2374,705,34,2323,17,2,1,6,355,0,18,1186,11,350,1,16,1137,0.00067,0.00573,0.57215,0.01432,0.0,0.0
178,2375,705,34,2323,18,2,2,6,355,0,18,1186,12,350,2,16,1137,0.00067,0.00607,0.55934,0.01432,0.0,0.0
179,2378,706,34,2324,20,3,2,5,355,0,18,1187,15,351,2,16,1137,0.00101,0.00674,0.54956,0.0143,0.0,0.0
180,2380,706,34,2326,20,2,1,5,355,0,18,1188,15,351,1,16,1138,0.00067,0.00674,0.53911,0.01429,0.0,0.0
181,2382,706,34,2327,21,2,2,6,355,1,18,1188,15,351,1,16,1139,0.00067,0.00708,0.52798,0.01427,0.0,0.0
182,2385,708,34,2331,20,2,2,6,356,1,18,1189,14,352,1,16,1142,0.00067,0.00674,0.51787,0.01426,0.0,0.0
183,2387,709,34,2332,21,3,2,8,356,1,18,1189,13,353,1,16,1143,0.00101,0.00708,0.50607,0.01424,0.0,0.0
184,2391,709,34,2334,23,3,2,8,356,1,18,1189,15,353,1,16,1145,0.00101,0.00775,0.49663,0.01422,0.0,0.0
185,2397,709,35,2335,27,2,2,9,356,2,18,1190,18,353,0,17,1145,0.00067,0.00911,0.47926,0.0146,0.0,0.0
186,2400,711,35,2337,28,3,3,10,357,2,18,1191,18,354,1,17,1146,0.00101,0.00944,0.46341,0.01458,0.0,0.0
187,2403,712,36,2337,30,3,3,10,357,1,19,1191,20,355,2,17,1146,0.00101,0.01012,0.44737,0.01498,0.0,0.0
188,2404,713,36,2337,31,4,4,9,357,2,19,1191,22,356,2,17,1146,0.00135,0.01046,0.4305,0.01498,0.0,0.0
189,2410,714,36,2340,34,4,4,11,358,2,19,1192,23,356,2,17,1148,0.00135,0.01147,0.41565,0.01494,0.0,0.0
190,2416,716,37,2340,39,5,4,12,358,3,19,1192,27,358,1,18,1148,0.00169,0.01316,0.40061,0.01531,0.0,0.0
191,2417,717,37,2342,38,5,4,9,359,2,19,1193,29,358,2,18,1149,0.00169,0.01282,0.38036,0.01531,0.0,0.0
192,2426,720,37,2342,47,8,5,16,359,2,19,1193,31,361,3,18,1149,0.0027,0.01586,0.36652,0.01525,0.0,0.0
193,2437,720,37,2346,54,6,4,19,359,2,19,1193,35,361,2,18,1153,0.00202,0.01822,0.34695,0.01518,0.0,0.0
194,2446,722,37,2350,59,6,3,18,360,1,19,1195,41,362,2,18,1155,0.00202,0.01991,0.32805,0.01513,0.0,0.0
195,2450,724,37,2357,56,8,4,18,360,2,19,1196,38,364,2,18,1161,0.0027,0.0189,0.30813,0.0151,0.0,0.0
196,2454,724,37,2360,57,8,4,19,360,2,19,1198,38,364,2,18,1162,0.0027,0.01924,0.29767,0.01508,0.0,0.0
197,2466,725,37,2364,65,6,2,19,360,2,19,1199,46,365,0,18,1165,0.00202,0.02194,0.28147,0.015,0.0,0.0
198,2478,726,37,2367,74,5,3,26,361,1,19,1200,48,365,2,18,1167,0.00169,0.02497,0.26358,0.01493,0.0,0.0
199,2489,730,37,2370,82,8,4,32,361,2,19,1201,50,369,2,18,1169,0.0027,0.02767,0.24671,0.01487,0.0,0.0
200,2501,732,37,2372,92,9,5,38,362,2,19,1201,54,370,3,18,1171,0.00304,0.03105,0.2241,0.01479,0.0,0.0
201,2515,733,37,2382,96,7,6,36,362,2,19,1205,60,371,4,18,1177,0.00236,0.0324,0.20655,0.01471,0.0,0.0
202,2527,737,37,2385,105,9,7,39,364,3,19,1207,66,373,4,18,1178,0.00304,0.03544,0.18461,0.01464,0.0,0.0
203,2536,738,37,2392,107,10,10,38,365,4,19,1208,69,373,6,18,1184,0.00337,0.03611,0.16909,0.01459,0.0,0.0
204,2549,743,38,2399,112,10,10,39,366,3,20,1212,73,377,7,18,1187,0.00338,0.03781,0.15733,0.01491,0.0,0.0
205,2568,748,38,2410,120,10,9,44,366,3,20,1216,76,382,6,18,1194,0.00338,0.04051,0.14382,0.0148,0.0,0.0
206,2582,750,38,2414,130,11,12,48,367,3,20,1219,82,383,9,18,1195,0.00371,0.04389,0.13167,0.01472,0.0,0.0
207,2598,755,38,2419,141,16,15,51,368,4,20,1220,90,387,11,18,1199,0.0054,0.0476,0.11816,0.01463,0.0,0.0
208,2614,759,39,2430,145,18,16,53,370,4,20,1223,92,389,12,19,1207,0.00608,0.04897,0.10402,0.01492,0.0,0.0
209,2633,763,39,2446,148,14,14,53,370,2,20,1230,95,393,12,19,1216,0.00473,0.04998,0.10098,0.01481,0.0,0.0
210,2658,770,39,2456,163,16,13,60,372,4,20,1231,103,398,9,19,1225,0.0054,0.05505,0.09422,0.01467,0.0,0.0
211,2683,774,39,2466,178,18,17,62,375,5,20,1237,116,399,12,19,1229,0.00608,0.06011,0.0895,0.01454,0.0,0.0
212,2705,781,39,2476,190,22,20,66,377,8,20,1241,124,404,12,19,1235,0.00743,0.06417,0.08612,0.01442,0.0,0.0
213,2740,785,39,2492,209,19,17,74,379,6,20,1247,135,406,11,19,1245,0.00642,0.07058,0.08713,0.01423,0.0,0.0
214,2762,790,39,2504,219,20,16,78,381,7,20,1252,141,409,9,19,1252,0.00675,0.07396,0.08646,0.01412,0.0,0.0
215,2793,795,39,2515,239,22,27,82,385,8,20,1257,157,410,19,19,1258,0.00743,0.08072,0.08544,0.01396,0.0,0.0
216,2827,811,39,2532,256,36,33,85,389,10,20,1261,171,422,23,19,1271,0.01216,0.08646,0.08815,0.0138,0.0,0.0
217,2853,819,40,2553,260,36,33,89,392,9,20,1268,171,427,24,20,1285,0.01216,0.08784,0.09358,0.01402,0.0,0.0
218,2892,827,41,2570,281,39,36,102,394,13,20,1271,179,433,23,21,1299,0.01318,0.09496,0.09801,0.01418,0.0,0.0
219,2929,839,41,2595,293,42,37,112,400,16,20,1283,181,439,21,21,1312,0.01419,0.09902,0.10477,0.014,0.0,0.0
220,2966,849,41,2618,307,41,31,119,404,13,20,1292,188,445,18,21,1326,0.01386,0.10375,0.11017,0.01382,0.0,0.0
221,3009,855,42,2637,330,40,32,121,406,14,21,1300,209,449,18,21,1337,0.01352,0.11156,0.11596,0.01396,0.0,0.0
222,3056,866,42,2658,356,40,31,128,411,13,21,1309,228,455,18,21,1349,0.01352,0.12035,0.12204,0.01374,0.0,0.0
223,3103,878,42,2690,371,41,29,146,413,12,21,1320,225,465,17,21,1370,0.01386,0.12542,0.13117,0.01354,0.0,0.0
224,3141,892,42,2713,386,50,33,159,420,12,21,1326,227,472,21,21,1387,0.0169,0.13049,0.13759,0.01337,0.0,0.0
225,3192,911,43,2740,409,60,40,179,427,14,21,1334,230,484,26,22,1406,0.02029,0.13832,0.14677,0.01347,0.0,0.0
226,3257,926,43,2768,446,63,43,190,431,14,21,1348,256,495,29,22,1420,0.02131,0.15083,0.15624,0.0132,0.0,0.0
227,3305,947,43,2800,462,70,52,197,439,20,21,1358,265,508,32,22,1442,0.02367,0.15624,0.16638,0.01301,0.0,0.0
228,3358,964,44,2837,477,74,51,194,448,20,21,1373,283,516,31,23,1464,0.02503,0.16137,0.17896,0.0131,0.0,0.0
229,3412,976,44,2871,497,70,51,199,451,21,21,1388,298,525,30,23,1483,0.02368,0.16813,0.19012,0.0129,0.0,0.0
230,3461,990,45,2909,507,72,52,217,461,21,22,1405,290,529,31,23,1504,0.02437,0.17157,0.20271,0.013,0.0,0.0
231,3501,1000,46,2954,501,64,54,211,463,18,23,1424,290,537,36,23,1530,0.02167,0.1696,0.21767,0.01314,0.0,0.0
232,3542,1015,47,2992,503,66,58,222,466,19,24,1435,281,549,39,23,1557,0.02235,0.17034,0.23027,0.01327,0.0,0.0
233,3606,1037,48,3026,532,77,63,234,475,21,24,1453,298,562,42,24,1573,0.02608,0.18022,0.24187,0.01331,0.0,0.0
234,3650,1056,49,3070,531,83,61,225,485,26,24,1476,306,571,35,25,1594,0.02813,0.17994,0.25686,0.01342,0.0,0.0
235,3707,1070,49,3137,521,77,62,222,492,28,24,1508,299,578,34,25,1629,0.02609,0.17655,0.27957,0.01322,0.0,0.0
236,3762,1088,50,3171,541,78,66,228,500,34,24,1527,313,588,32,26,1644,0.02644,0.18339,0.29119,0.01329,0.0,0.0
237,3812,1109,50,3212,550,84,70,231,516,33,24,1545,319,593,37,26,1667,0.02847,0.18644,0.30508,0.01312,0.0,0.0
238,3863,1131,51,3269,543,87,70,236,522,34,25,1561,307,609,36,26,1708,0.0295,0.18413,0.32452,0.0132,0.0,0.0
239,3909,1149,52,3320,537,84,67,233,531,31,25,1588,304,618,36,27,1732,0.02849,0.18216,0.34193,0.0133,0.0,0.0
240,3960,1162,52,3365,543,78,63,232,535,30,25,1608,311,627,33,27,1757,0.02646,0.18419,0.35685,0.01313,0.0,0.0
241,4005,1179,53,3408,544,79,62,233,541,28,25,1628,311,638,34,28,1780,0.02681,0.18459,0.37089,0.01323,0.0,0.0
242,4048,1197,54,3463,531,82,70,226,546,26,26,1648,305,651,44,28,1815,0.02783,0.18024,0.38934,0.01334,0.0,0.0
243,4087,1224,54,3518,515,89,70,221,556,26,26,1672,294,668,44,28,1846,0.03021,0.17481,0.40801,0.01321,0.0,0.0
244,4135,1242,54,3571,510,87,71,223,564,22,26,1698,287,678,49,28,1873,0.02953,0.17312,0.426,0.01306,0.0,0.0
245,4180,1260,54,3628,498,77,61,225,570,22,26,1721,273,690,39,28,1907,0.02614,0.16904,0.44535,0.01292,0.0,0.0
246,4209,1277,54,3694,461,71,59,216,579,26,26,1747,245,698,33,28,1947,0.0241,0.15648,0.46775,0.01283,0.0,0.0
247,4252,1292,54,3733,465,73,61,209,588,26,26,1763,256,704,35,28,1970,0.02478,0.15784,0.48099,0.0127,0.0,0.0
248,4285,1310,54,3779,452,75,65,205,594,26,26,1786,247,716,39,28,1993,0.02546,0.15343,0.49593,0.0126,0.0,0.0
249,4326,1331,54,3830,442,76,56,205,600,22,26,1809,237,731,34,28,2021,0.0258,0.15003,0.51324,0.01248,0.0,0.0
250,4369,1341,54,3877,438,66,52,203,604,23,26,1832,235,737,29,28,2045,0.0224,0.14868,0.52885,0.01236,0.0,0.0
251,4393,1353,54,3916,423,66,56,198,611,23,26,1851,225,742,33,28,2065,0.0224,0.14358,0.54175,0.01229,0.0,0.0
252,4424,1369,54,3963,407,66,53,197,617,24,26,1874,210,752,29,28,2089,0.0224,0.13815,0.55771,0.01221,0.0,0.0
253,4448,1387,54,3996,398,73,52,209,625,24,26,1886,189,762,28,28,2110,0.02478,0.1351,0.56823,0.01214,0.0,0.0
254,4470,1400,54,4039,377,74,54,192,633,26,26,1909,185,767,28,28,2130,0.02512,0.12797,0.58282,0.01208,0.0,0.0
255,4492,1418,55,4081,356,74,45,186,642,22,26,1927,170,776,23,29,2154,0.02513,0.12088,0.59694,0.01224,0.0,0.0
256,4517,1423,55,4128,334,62,39,169,643,18,26,1953,165,780,21,29,2175,0.02105,0.11341,0.61222,0.01218,0.0,0.0
257,4540,1431,55,4173,312,53,32,159,646,12,26,1976,153,785,20,29,2197,0.018,0.10594,0.62716,0.01211,0.0,0.0
258,4562,1442,55,4208,299,50,38,156,651,17,26,1994,143,791,21,29,2214,0.01698,0.10153,0.63837,0.01206,0.0,0.0
259,4577,1453,55,4237,285,49,37,142,660,18,26,2007,143,793,19,29,2230,0.01664,0.09677,0.64788,0.01202,0.0,0.0
260,4591,1468,55,4272,264,52,36,133,668,21,26,2020,131,800,15,29,2252,0.01766,0.08964,0.65874,0.01198,0.0,0.0
261,4602,1478,55,4301,246,52,38,122,673,24,26,2036,124,805,14,29,2265,0.01766,0.08353,0.66859,0.01195,0.0,0.0
262,4617,1486,55,4336,226,47,32,107,676,18,26,2059,119,810,14,29,2277,0.01596,0.07674,0.67946,0.01191,0.0,0.0
263,4631,1492,55,4367,209,39,28,101,678,15,26,2074,108,814,13,29,2293,0.01324,0.07097,0.68964,0.01188,0.0,0.0
264,4643,1498,55,4393,195,37,27,94,680,13,26,2087,101,818,14,29,2306,0.01256,0.06621,0.69847,0.01185,0.0,0.0
265,4650,1504,58,4409,183,36,28,88,683,12,29,2093,95,821,16,29,2316,0.01224,0.0622,0.70462,0.01247,0.0,0.0
266,4659,1514,59,4433,167,37,26,77,688,11,30,2108,90,826,15,29,2325,0.01258,0.05678,0.71302,0.01266,0.0,0.0
267,4664,1518,59,4455,150,32,22,66,691,8,30,2118,84,827,14,29,2337,0.01088,0.051,0.71982,0.01265,0.0,0.0
268,4670,1521,59,4487,124,21,16,55,692,8,30,2131,69,829,8,29,2356,0.00714,0.04216,0.73036,0.01263,0.0,0.0
269,4678,1527,60,4510,108,16,14,48,695,7,31,2141,60,832,7,29,2369,0.00544,0.03673,0.73741,0.01283,0.0,0.0
270,4679,1535,60,4524,95,20,17,42,698,7,31,2148,53,837,10,29,2376,0.0068,0.03231,0.74184,0.01282,0.0,0.0
271,4686,1540,62,4533,91,20,17,38,699,7,31,2154,53,841,10,31,2379,0.00681,0.03097,0.74438,0.01323,0.0,0.0
272,4692,1545,62,4548,82,20,13,40,702,6,31,2157,42,843,7,31,2391,0.00681,0.02791,0.74881,0.01321,0.0,0.0
273,4700,1545,62,4557,81,17,12,37,702,5,31,2164,44,843,7,31,2393,0.00579,0.02757,0.75085,0.01319,0.0,0.0
274,4708,1546,62,4575,71,11,11,35,703,4,31,2172,36,843,7,31,2403,0.00374,0.02417,0.7563,0.01317,0.0,0.0
275,4711,1548,64,4584,63,9,9,28,704,3,33,2177,35,844,6,31,2407,0.00307,0.02146,0.75886,0.01359,0.0,0.0
276,4713,1549,64,4589,60,8,8,27,705,2,33,2180,33,844,6,31,2409,0.00272,0.02044,0.75988,0.01358,0.0,0.0
277,4713,1551,64,4596,53,9,8,24,706,1,33,2184,29,845,7,31,2412,0.00307,0.01805,0.76158,0.01358,0.0,0.0
278,4717,1552,64,4601,52,9,10,24,706,4,33,2186,28,846,6,31,2415,0.00307,0.01771,0.76294,0.01357,0.0,0.0
279,4721,1555,65,4606,50,10,10,23,709,4,33,2188,27,846,6,32,2418,0.00341,0.01704,0.76422,0.01377,0.0,0.0
280,4725,1557,66,4613,46,8,7,20,709,3,34,2192,26,848,4,32,2421,0.00273,0.01568,0.76653,0.01397,0.0,0.0
281,4727,1557,66,4618,43,7,7,20,709,3,34,2193,23,848,4,32,2425,0.00239,0.01466,0.76721,0.01396,0.0,0.0
282,4731,1559,68,4623,40,6,5,18,710,2,36,2196,22,849,3,32,2427,0.00205,0.01364,0.76774,0.01437,0.0,0.0
283,4733,1561,68,4627,38,8,6,18,712,3,36,2196,20,849,3,32,2431,0.00273,0.01296,0.76876,0.01437,0.0,0.0
284,4734,1561,68,4630,36,7,6,18,712,4,36,2197,18,849,2,32,2433,0.00239,0.01228,0.7691,0.01436,0.0,0.0
285,4735,1563,69,4635,31,5,3,15,714,2,37,2200,16,849,1,32,2435,0.00171,0.01058,0.7697,0.01457,0.0,0.0
286,4737,1563,69,4641,27,4,4,14,714,2,37,2202,13,849,2,32,2439,0.00136,0.00921,0.77141,0.01457,0.0,0.0
287,4741,1565,69,4644,28,5,4,16,715,3,37,2203,12,850,1,32,2441,0.00171,0.00955,0.77141,0.01455,0.0,0.0
288,4742,1565,69,4646,27,3,4,15,715,3,37,2205,12,850,1,32,2441,0.00102,0.00921,0.77141,0.01455,0.0,0.0
289,4746,1567,69,4652,25,4,3,13,717,2,37,2208,12,850,1,32,2444,0.00136,0.00853,0.77175,0.01454,0.0,0.0
290,4747,1567,69,4656,22,4,4,12,717,3,37,2210,10,850,1,32,2446,0.00136,0.00751,0.77107,0.01454,0.0,0.0
291,4748,1569,70,4658,20,5,3,11,718,3,37,2211,9,851,0,33,2447,0.00171,0.00683,0.77167,0.01474,0.0,0.0
292,4748,1570,70,4660,18,5,3,9,719,3,37,2213,9,851,0,33,2447,0.00171,0.00614,0.77167,0.01474,0.0,0.0
293,4750,1571,70,4660,20,6,3,11,720,3,37,2213,9,851,0,33,2447,0.00205,0.00683,0.76894,0.01474,0.0,0.0
294,4751,1572,70,4661,20,6,4,10,720,3,37,2214,10,852,1,33,2447,0.00205,0.00683,0.76724,0.01473,0.0,0.0
295,4752,1574,71,4662,19,7,4,9,720,3,38,2214,10,854,1,33,2448,0.00239,0.00649,0.76442,0.01494,0.0,0.0
296,4754,1575,71,4665,18,5,3,7,721,2,38,2216,11,854,1,33,2449,0.00171,0.00615,0.76408,0.01493,0.0,0.0
297,4754,1576,71,4668,15,3,2,6,721,1,38,2217,9,855,1,33,2451,0.00102,0.00512,0.76306,0.01493,0.0,0.0
298,4754,1577,71,4671,12,3,2,4,721,1,38,2219,8,856,1,33,2452,0.00102,0.0041,0.76306,0.01493,0.0,0.0
299,4754,1579,71,4672,11,4,1,4,723,1,38,2219,7,856,0,33,2453,0.00137,0.00376,0.76169,0.01493,0.0,0.0
300,4755,1579,71,4676,8,2,1,4,723,1,38,2220,4,856,0,33,2456,0.00068,0.00273,0.76067,0.01493,0.0,0.0
301,4755,1579,71,4676,8,2,2,4,723,1,38,2220,4,856,1,33,2456,0.00068,0.00273,0.75964,0.01493,0.0,0.0
302,4755,1580,71,4676,8,3,2,4,723,1,38,2220,4,857,1,33,2456,0.00102,0.00273,0.75862,0.01493,0.0,0.0
303,4755,1580,71,4678,6,2,2,4,723,1,38,2221,2,857,1,33,2457,0.00068,0.00205,0.75828,0.01493,0.0,0.0
304,4755,1580,71,4679,5,2,3,3,723,1,38,2222,2,857,2,33,2457,0.00068,0.00171,0.75794,0.01493,0.0,0.0
305,4756,1581,71,4680,5,2,2,2,723,0,38,2223,3,858,2,33,2457,0.00068,0.00171,0.75794,0.01493,0.0,0.0
306,4756,1581,72,4680,4,1,1,2,723,0,38,2223,2,858,1,34,2457,0.00034,0.00137,0.75786,0.01514,0.0,0.0
307,4756,1581,72,4680,4,1,1,2,723,0,38,2223,2,858,1,34,2457,0.00034,0.00137,0.75786,0.01514,0.0,0.0
308,4757,1581,72,4681,4,1,1,1,723,0,38,2224,3,858,1,34,2457,0.00034,0.00137,0.75751,0.01514,0.0,0.0
309,4757,1581,72,4681,4,1,1,1,723,0,38,2224,3,858,1,34,2457,0.00034,0.00137,0.75546,0.01514,0.0,0.0
310,4757,1581,72,4681,4,1,1,1,723,0,38,2224,3,858,1,34,2457,0.00034,0.00137,0.75376,0.01514,0.0,0.0
311,4757,1581,73,4681,3,0,0,1,723,0,38,2224,2,858,0,35,2457,0.0,0.00102,0.75333,0.01535,0.0,0.0
312,4757,1581,73,4681,3,0,0,1,723,0,38,2224,2,858,0,35,2457,0.0,0.00102,0.75196,0.01535,0.0,0.0
313,4757,1581,73,4682,2,0,0,0,723,0,38,2225,2,858,0,35,2457,0.0,0.00068,0.75162,0.01535,0.0,0.0
314,4757,1581,73,4682,2,0,0,0,723,0,38,2225,2,858,0,35,2457,0.0,0.00068,0.75094,0.01535,0.0,0.0
315,4758,1581,73,4683,2,0,1,1,723,0,38,2226,1,858,1,35,2457,0.0,0.00068,0.74991,0.01534,0.0,0.0
316,4758,1582,73,4683,2,1,1,1,723,0,38,2226,1,859,1,35,2457,0.00034,0.00068,0.74821,0.01534,0.0,0.0
317,4758,1582,73,4683,2,1,1,1,723,0,38,2226,1,859,1,35,2457,0.00034,0.00068,0.74786,0.01534,0.0,0.0
318,4758,1582,73,4683,2,1,1,1,723,0,38,2226,1,859,1,35,2457,0.00034,0.00068,0.74786,0.01534,0.0,0.0
319,4758,1582,73,4683,2,1,1,1,723,0,38,2226,1,859,1,35,2457,0.00034,0.00068,0.74684,0.01534,0.0,0.0
320,4758,1582,73,4683,2,1,1,1,723,0,38,2226,1,859,1,35,2457,0.00034,0.00068,0.74616,0.01534,0.0,0.0
321,4758,1582,73,4683,2,1,1,1,723,0,38,2226,1,859,1,35,2457,0.00034,0.00068,0.74547,0.01534,0.0,0.0
322,4758,1582,74,4683,1,0,0,1,723,0,38,2226,0,859,0,36,2457,0.0,0.00034,0.74539,0.01555,0.0,0.0
323,4758,1582,74,4683,1,0,0,1,723,0,38,2226,0,859,0,36,2457,0.0,0.00034,0.7447,0.01555,0.0,0.0
324,4758,1582,74,4683,1,0,0,1,723,0,38,2226,0,859,0,36,2457,0.0,0.00034,0.74402,0.01555,0.0,0.0
325,4758,1582,74,4683,1,0,0,1,723,0,38,2226,0,859,0,36,2457,0.0,0.00034,0.74368,0.01555,0.0,0.0
326,4759,1582,74,4683,2,0,0,2,723,0,38,2226,0,859,0,36,2457,0.0,0.00068,0.74334,0.01555,0.0,0.0
327,4759,1582,74,4684,1,0,0,1,723,0,38,2227,0,859,0,36,2457,0.0,0.00034,0.74094,0.01555,0.0,0.0
328,4759,1582,74,4684,1,0,0,1,723,0,38,2227,0,859,0,36,2457,0.0,0.00034,0.73992,0.01555,0.0,0.0
329,4759,1582,74,4684,1,0,0,1,723,0,38,2227,0,859,0,36,2457,0.0,0.00034,0.73923,0.01555,0.0,0.0
330,4759,1582,74,4684,1,0,0,1,723,0,38,2227,0,859,0,36,2457,0.0,0.00034,0.73889,0.01555,0.0,0.0
331,4760,1582,74,4684,2,0,0,2,723,0,38,2227,0,859,0,36,2457,0.0,0.00068,0.73855,0.01555,0.0,0.0
332,4760,1582,74,4684,2,0,0,2,723,0,38,2227,0,859,0,36,2457,0.0,0.00068,0.73787,0.01555,0.0,0.0
333,4761,1582,74,4684,3,0,0,3,723,0,38,2227,0,859,0,36,2457,0.0,0.00103,0.73684,0.01554,0.0,0.0
334,4762,1582,74,4684,4,0,0,4,723,0,38,2227,0,859,0,36,2457,0.0,0.00137,0.73206,0.01554,0.0,0.0
335,4763,1583,74,4685,4,0,0,4,724,0,38,2228,0,859,0,36,2457,0.0,0.00137,0.72898,0.01554,0.0,0.0
336,4763,1583,74,4685,4,0,0,4,724,0,38,2228,0,859,0,36,2457,0.0,0.00137,0.72625,0.01554,0.0,0.0
337,4763,1583,74,4685,4,0,0,4,724,0,38,2228,0,859,0,36,2457,0.0,0.00137,0.72351,0.01554,0.0,0.0
338,4764,1583,74,4685,5,0,0,5,724,0,38,2228,0,859,0,36,2457,0.0,0.00171,0.72044,0.01553,0.0,0.0
339,4765,1583,74,4685,6,0,0,6,724,0,38,2228,0,859,0,36,2457,0.0,0.00205,0.71702,0.01553,0.0,0.0
340,4766,1583,74,4685,7,0,0,7,724,0,38,2228,0,859,0,36,2457,0.0,0.00239,0.71394,0.01553,0.0,0.0
341,4769,1584,74,4685,10,1,0,10,725,0,38,2228,0,859,0,36,2457,0.00034,0.00342,0.70813,0.01552,0.0,0.0
342,4770,1584,74,4686,10,1,0,10,725,0,38,2229,0,859,0,36,2457,0.00034,0.00342,0.70096,0.01551,0.0,0.0
343,4770,1584,74,4686,10,1,0,10,725,0,38,2229,0,859,0,36,2457,0.00034,0.00342,0.69481,0.01551,0.0,0.0
344,4773,1584,74,4687,12,0,1,12,725,1,38,2230,0,859,0,36,2457,0.0,0.0041,0.68694,0.0155,0.0,0.0
345,4776,1585,74,4687,15,1,2,15,726,2,38,2230,0,859,0,36,2457,0.00034,0.00513,0.67908,0.01549,0.0,0.0
346,4778,1587,74,4689,15,3,2,14,728,2,38,2231,1,859,0,36,2458,0.00103,0.00513,0.66644,0.01549,0.0,0.0
347,4781,1587,74,4689,18,3,3,17,728,3,38,2231,1,859,0,36,2458,0.00103,0.00615,0.65482,0.01548,0.0,0.0
348,4783,1588,74,4689,20,4,6,19,729,6,38,2231,1,859,0,36,2458,0.00137,0.00684,0.64388,0.01547,0.0,0.0
349,4787,1592,75,4690,22,6,6,22,733,6,39,2232,0,859,0,36,2458,0.00205,0.00752,0.63316,0.01567,0.0,0.0
350,4789,1594,75,4690,24,8,6,24,735,6,39,2232,0,859,0,36,2458,0.00274,0.00821,0.61744,0.01566,0.0,0.0
351,4793,1594,75,4692,26,7,6,26,735,6,39,2234,0,859,0,36,2458,0.00239,0.00889,0.60103,0.01565,0.0,0.0
352,4799,1595,76,4694,29,6,4,29,736,4,40,2236,0,859,0,36,2458,0.00205,0.00992,0.59029,0.01584,0.0,0.0
353,4805,1597,76,4695,34,8,6,34,738,6,40,2237,0,859,0,36,2458,0.00274,0.01163,0.57285,0.01582,0.0,0.0
354,4809,1598,76,4696,37,8,6,37,739,6,40,2238,0,859,0,36,2458,0.00274,0.01265,0.55882,0.0158,0.0,0.0
355,4815,1598,77,4698,40,7,7,36,739,7,41,2240,4,859,0,36,2458,0.00239,0.01368,0.53746,0.01599,0.0,0.0
356,4820,1600,78,4702,40,6,6,33,741,6,42,2244,7,859,0,36,2458,0.00205,0.01369,0.51916,0.01618,0.0,0.0
357,4826,1603,79,4705,42,6,6,35,744,5,43,2247,7,859,1,36,2458,0.00205,0.01438,0.49709,0.01637,0.0,0.0
358,4831,1605,79,4706,46,8,6,39,745,5,43,2248,7,860,1,36,2458,0.00274,0.01575,0.48134,0.01635,0.0,0.0
359,4836,1605,80,4707,49,6,6,40,745,4,44,2249,9,860,2,36,2458,0.00205,0.01678,0.46644,0.01654,0.0,0.0
360,4846,1606,80,4709,57,6,8,46,745,5,44,2251,11,861,3,36,2458,0.00205,0.01952,0.4476,0.01651,0.0,0.0
