Day,Total infected,Total tested,Total deaths,Total recovered,Infected,Actual tested,In treatment,Infected in A,Tested in A,In treatment in A,Deaths in A,Recovered in A,Infected in B,Tested in B,In treatment in B,Deaths in B,Recovered in B,Known infected %,Infected population %,Population immunity %,Death rate,Total isolated,Isolated
1,5,0,0,0,5,0,0,5,0,0,0,0,0,0,0,0,0,0.0,0.001,0.0,0.0,0,0
2,5,0,0,0,5,0,0,5,0,0,0,0,0,0,0,0,0,0.0,0.001,0.0,0.0,0,0
3,5,0,0,0,5,0,1,5,0,1,0,0,0,0,0,0,0,0.0,0.001,0.0,0.0,0,0
4,5,1,0,0,5,1,2,5,1,2,0,0,0,0,0,0,0,0.0002,0.001,0.0,0.0,0,0
5,6,2,0,0,6,2,2,6,2,2,0,0,0,0,0,0,0,0.0004,0.0012,0.0,0.0,0,0
6,7,2,0,0,7,2,2,7,2,2,0,0,0,0,0,0,0,0.0004,0.0014,0.0,0.0,0,0
7,8,2,0,1,7,1,1,7,2,1,0,1,0,0,0,0,0,0.0002,0.0014,0.0002,0.0,0,0
8,8,2,0,2,6,1,1,6,2,1,0,2,0,0,0,0,0,0.0002,0.0012,0.0004,0.0,0,0
9,10,2,0,2,8,1,1,8,2,1,0,2,0,0,0,0,0,0.0002,0.0016,0.0004,0.0,0,0
10,10,2,0,2,8,1,1,8,2,1,0,2,0,0,0,0,0,0.0002,0.0016,0.0004,0.0,0,0
11,10,2,0,3,7,0,0,7,2,0,0,3,0,0,0,0,0,0.0,0.0014,0.0006,0.0,0,0
12,10,2,0,4,6,0,0,5,2,0,0,4,1,0,0,0,0,0.0,0.0012,0.0008,0.0,0,0
13,11,2,0,5,6,0,0,5,2,0,0,5,1,0,0,0,0,0.0,0.0012,0.001,0.0,0,0
14,12,2,0,5,7,0,0,5,2,0,0,5,2,0,0,0,0,0.0,0.0014,0.001,0.0,0,0
15,14,2,0,5,9,0,0,7,2,0,0,5,2,0,0,0,0,0.0,0.0018,0.001,0.0,0,0
16,16,2,0,6,10,0,0,7,2,0,0,6,3,0,0,0,0,0.0,0.002,0.0012,0.0,0,0
17,16,2,0,6,10,0,0,7,2,0,0,6,3,0,0,0,0,0.0,0.002,0.0012,0.0,0,0
18,16,2,0,7,9,0,0,6,2,0,0,7,3,0,0,0,0,0.0,0.0018,0.0014,0.0,0,0
19,18,2,0,7,11,0,0,7,2,0,0,7,4,0,0,0,0,0.0,0.0022,0.0014,0.0,0,0
20,20,2,0,9,11,0,1,7,2,0,0,8,4,0,1,0,1,0.0,0.0022,0.0018,0.0,0,0
21,22,3,0,9,13,1,2,8,2,0,0,8,5,1,2,0,1,0.0002,0.0026,0.0018,0.0,0,0
22,24,4,0,10,14,2,2,7,2,0,0,9,7,2,2,0,1,0.0004,0.0028,0.002,0.0,0,0
23,26,4,0,11,15,2,3,6,2,0,0,10,9,2,3,0,1,0.0004,0.003,0.0022,0.0,0,0
24,29,5,0,14,15,1,1,5,2,0,0,11,10,3,1,0,3,0.0002,0.003,0.0028,0.0,0,0
25,32,5,0,14,18,1,1,5,2,0,0,11,13,3,1,0,3,0.0002,0.0036,0.0028,0.0,0,0
26,34,5,0,15,19,1,1,4,2,0,0,12,15,3,1,0,3,0.0002,0.0038,0.003,0.0,0,0
27,36,5,0,16,20,1,2,5,2,1,0,13,15,3,1,0,3,0.0002,0.004,0.0032,0.0,0,0
28,45,7,0,16,29,3,2,7,3,1,0,13,22,4,1,0,3,0.0006,0.0058,0.0032,0.0,0,0
29,48,7,0,17,31,3,2,7,3,1,0,14,24,4,1,0,3,0.0006,0.0062,0.0034,0.0,0,0
30,54,7,0,20,34,3,2,7,3,1,0,14,27,4,1,0,6,0.0006,0.0068,0.004,0.0,0,0
31,61,8,1,23,37,3,2,8,3,1,0,14,29,5,1,1,9,0.0006,0.0074,0.0046,0.01639,0,0
32,64,9,1,24,39,4,2,8,3,1,0,14,31,6,1,1,10,0.0008,0.0078,0.0048,0.01562,0,0
33,66,9,1,24,41,4,2,9,3,1,0,14,32,6,1,1,10,0.0008,0.0082,0.0048,0.01515,0,0
34,74,9,1,29,44,3,1,9,3,0,0,16,35,6,1,1,13,0.0006,0.0088,0.0058,0.01351,0,0
35,76,9,1,34,41,2,1,10,3,0,0,18,31,6,1,1,16,0.0004,0.0082,0.0068,0.01316,0,0
36,83,11,1,36,46,3,2,11,3,0,0,19,35,8,2,1,17,0.0006,0.0092,0.0072,0.01205,0,0
37,95,13,1,37,57,5,5,14,3,1,0,20,43,10,4,1,17,0.001,0.0114,0.0074,0.01053,0,0
38,101,19,1,42,58,10,6,16,6,2,0,21,42,13,4,1,21,0.002,0.0116,0.0084,0.0099,0,0
39,108,21,1,45,62,12,6,16,7,2,0,21,46,14,4,1,24,0.0024,0.0124,0.009,0.00926,0,0
40,115,21,3,47,65,9,5,21,7,3,0,21,44,14,2,3,26,0.0018,0.01301,0.00941,0.02609,0,0
41,122,22,3,53,66,9,5,21,8,2,0,23,45,14,3,3,30,0.0018,0.01321,0.01061,0.02459,0,0
42,129,25,3,58,68,9,3,19,9,2,0,25,49,16,1,3,33,0.0018,0.01361,0.01161,0.02326,0,0
43,131,27,3,64,64,8,3,16,10,1,0,29,48,17,2,3,35,0.0016,0.01281,0.01281,0.0229,0,0
44,136,30,3,67,66,10,4,20,12,2,0,30,46,18,2,3,37,0.002,0.01321,0.01341,0.02206,0,0
45,136,30,3,74,59,8,4,19,12,2,0,33,40,18,2,3,41,0.0016,0.01181,0.01481,0.02206,0,0
46,143,30,3,81,59,7,4,19,12,2,0,33,40,18,2,3,48,0.0014,0.01181,0.01621,0.02098,0,0
47,152,30,3,93,56,6,4,17,12,2,0,36,39,18,2,3,57,0.0012,0.01121,0.01861,0.01974,0,0
48,156,32,3,102,51,5,5,16,13,2,0,39,35,19,3,3,63,0.001,0.01021,0.02041,0.01923,0,0
49,163,35,3,106,54,7,5,19,13,2,0,41,35,22,3,3,65,0.0014,0.01081,0.02121,0.0184,0,0
50,171,39,3,111,57,8,6,18,15,1,0,45,39,24,5,3,66,0.0016,0.01141,0.02221,0.01754,0,0
51,176,41,3,119,54,7,5,15,15,0,0,49,39,26,5,3,70,0.0014,0.01081,0.02381,0.01705,0,0
52,185,41,3,120,62,7,6,17,15,0,0,50,45,26,6,3,70,0.0014,0.01241,0.02401,0.01622,0,0
53,195,43,3,124,68,9,6,20,15,0,0,51,48,28,6,3,73,0.0018,0.01361,0.02481,0.01538,0,0
54,200,44,4,129,67,9,6,20,16,0,0,51,47,28,6,4,78,0.0018,0.01341,0.02582,0.02,0,0
55,208,46,4,132,72,10,7,24,16,1,0,51,48,30,6,4,81,0.002,0.01441,0.02642,0.01923,0,0
56,216,48,5,137,74,9,4,27,17,1,0,52,47,31,3,5,85,0.0018,0.01481,0.02743,0.02315,0,0
57,230,49,5,140,85,8,5,33,17,2,0,53,52,32,3,5,87,0.0016,0.01702,0.02803,0.02174,0,0
58,242,51,5,146,91,10,6,40,18,2,0,53,51,33,4,5,93,0.002,0.01822,0.02923,0.02066,0,0
59,253,52,5,154,94,7,6,40,18,3,0,55,54,34,3,5,99,0.0014,0.01882,0.03083,0.01976,0,0
60,260,53,5,167,88,4,6,40,19,4,0,60,48,34,2,5,107,0.0008,0.01762,0.03343,0.01923,0,0
61,268,57,6,172,90,7,5,38,22,3,1,62,52,35,2,5,110,0.0014,0.01802,0.03444,0.02239,0,0
62,275,58,6,177,92,8,7,40,23,5,1,64,52,35,2,5,113,0.0016,0.01842,0.03544,0.02182,0,0
63,286,61,6,186,94,10,9,42,26,6,1,69,52,35,3,5,117,0.002,0.01882,0.03724,0.02098,0,0
64,303,64,7,189,107,12,9,48,27,7,1,71,59,37,2,6,118,0.0024,0.02143,0.03785,0.0231,0,0
65,314,66,8,198,108,11,8,45,28,5,2,76,63,38,3,6,122,0.0022,0.02163,0.03966,0.02548,0,0
66,332,69,8,207,117,11,9,51,30,6,2,78,66,39,3,6,129,0.0022,0.02344,0.04147,0.0241,0,0
67,349,71,8,212,129,13,12,53,31,7,2,81,76,40,5,6,131,0.0026,0.02584,0.04247,0.02292,0,0
68,369,75,8,225,136,13,13,54,33,6,2,85,82,42,7,6,140,0.0026,0.02724,0.04507,0.02168,0,0
69,382,83,9,237,136,16,12,52,35,6,2,91,84,48,6,7,146,0.00321,0.02725,0.04749,0.02356,0,0
70,399,87,9,244,146,18,12,55,36,6,2,94,91,51,6,7,150,0.00361,0.02925,0.04889,0.02256,0,0
71,421,92,10,253,158,19,12,57,38,5,3,98,101,54,7,7,155,0.00381,0.03166,0.0507,0.02375,0,0
72,443,95,10,261,172,19,12,58,40,5,3,101,114,55,7,7,160,0.00381,0.03447,0.0523,0.02257,0,0
73,461,100,10,271,180,22,13,62,41,3,3,105,118,59,10,7,166,0.00441,0.03607,0.05431,0.02169,0,0
74,479,107,10,281,188,28,15,62,41,4,3,111,126,66,11,7,170,0.00561,0.03768,0.05631,0.02088,0,0
75,500,111,12,296,192,25,13,65,43,2,4,117,127,68,11,8,179,0.00501,0.03849,0.05934,0.024,0,0
76,527,115,12,317,198,21,16,70,44,4,4,125,128,71,12,8,192,0.00421,0.0397,0.06355,0.02277,0,0
77,555,124,12,327,216,26,14,78,48,4,4,126,138,76,10,8,201,0.00521,0.0433,0.06556,0.02162,0,0
78,576,129,13,341,222,27,15,86,48,6,4,132,136,81,9,9,209,0.00541,0.04452,0.06838,0.02257,0,0
79,605,133,13,354,238,27,17,94,50,5,4,136,144,83,12,9,218,0.00541,0.04772,0.07098,0.02149,0,0
80,628,141,13,371,244,28,14,95,51,3,4,142,149,90,11,9,229,0.00561,0.04893,0.07439,0.0207,0,0
81,657,146,14,395,248,22,15,109,54,4,4,149,139,92,11,10,246,0.00441,0.04974,0.07922,0.02131,0,0
82,694,153,15,415,264,25,15,109,57,4,4,160,155,96,11,11,255,0.00502,0.05296,0.08325,0.02161,0,0
83,720,159,15,436,269,27,20,114,58,5,4,169,155,101,15,11,267,0.00542,0.05396,0.08746,0.02083,0,0
84,755,172,15,448,292,36,22,127,64,6,4,173,165,108,16,11,275,0.00722,0.05858,0.08987,0.01987,0,0
85,789,185,15,473,301,40,23,135,69,6,4,185,166,116,17,11,288,0.00802,0.06038,0.09488,0.01901,0,0
86,827,193,15,501,311,42,27,142,73,8,4,196,169,120,19,11,305,0.00843,0.06239,0.1005,0.01814,0,0
87,864,206,17,520,327,45,26,155,78,6,5,201,172,128,20,12,319,0.00903,0.06562,0.10435,0.01968,0,0
88,901,215,18,540,343,42,25,163,81,9,5,211,180,134,16,13,329,0.00843,0.06885,0.10839,0.01998,0,0
89,943,224,18,567,358,42,30,175,86,13,5,222,183,138,17,13,345,0.00843,0.07186,0.11381,0.01909,0,0
90,988,240,18,586,384,50,32,182,93,13,5,231,202,147,19,13,355,0.01004,0.07708,0.11762,0.01822,0,0
91,1027,252,18,617,392,54,38,188,97,13,5,241,204,155,25,13,376,0.01084,0.07868,0.12385,0.01753,0,0
92,1072,264,18,651,403,58,42,193,99,17,5,259,210,165,25,13,392,0.01164,0.08089,0.13067,0.01679,0,0
93,1103,274,20,685,398,56,39,181,106,15,6,278,217,168,24,14,407,0.01124,0.07992,0.13755,0.01813,0,0
94,1144,283,20,720,404,51,33,178,112,13,6,297,226,171,20,14,423,0.01024,0.08112,0.14458,0.01748,0,0
95,1180,289,21,754,405,50,38,178,114,14,6,312,227,175,24,15,442,0.01004,0.08134,0.15144,0.0178,0,0
96,1217,302,22,781,414,55,37,181,117,15,6,325,233,185,22,16,456,0.01105,0.08317,0.15689,0.01808,0,0
97,1268,311,23,820,425,46,31,186,123,12,6,342,239,188,19,17,478,0.00924,0.08539,0.16476,0.01814,0,0
98,1308,321,24,857,427,47,30,177,125,10,6,362,250,196,20,18,495,0.00945,0.08581,0.17223,0.01835,0,0
99,1356,331,24,896,436,46,27,185,128,10,6,376,251,203,17,18,520,0.00924,0.08762,0.18006,0.0177,0,0
100,1404,336,24,929,451,44,29,199,130,9,6,388,252,206,20,18,541,0.00884,0.09064,0.1867,0.01709,0,0
101,1438,345,26,976,436,37,28,194,132,9,6,409,242,213,19,20,567,0.00744,0.08766,0.19622,0.01808,0,0
102,1482,358,27,1009,446,43,32,207,139,12,6,421,239,219,20,21,588,0.00865,0.08968,0.2029,0.01822,0,0
103,1530,377,27,1054,449,51,38,218,147,17,6,437,231,230,21,21,617,0.01026,0.09029,0.21194,0.01765,0,0
104,1578,390,27,1094,457,57,40,221,156,20,6,459,236,234,20,21,635,0.01146,0.0919,0.21999,0.01711,0,0
105,1614,404,27,1144,443,57,42,221,164,21,6,480,222,240,21,21,664,0.01146,0.08908,0.23004,0.01673,0,0
106,1656,416,27,1184,445,58,45,225,170,21,6,494,220,246,24,21,690,0.01166,0.08948,0.23809,0.0163,0,0
107,1703,425,27,1220,456,59,47,233,173,22,6,510,223,252,25,21,710,0.01186,0.0917,0.24532,0.01585,0,0
108,1731,438,27,1269,435,57,40,230,181,20,6,528,205,257,20,21,741,0.01146,0.08747,0.25518,0.0156,0,0
109,1768,445,28,1317,423,47,34,231,183,17,6,552,192,262,17,22,765,0.00945,0.08508,0.26488,0.01584,0,0
110,1799,454,28,1356,415,46,33,229,187,15,6,572,186,267,18,22,784,0.00925,0.08347,0.27273,0.01556,0,0
111,1827,467,30,1395,402,43,32,211,194,14,8,592,191,273,18,22,803,0.00865,0.08089,0.28068,0.01642,0,0
112,1869,482,30,1427,412,50,40,220,201,21,8,604,192,281,19,22,823,0.01006,0.0829,0.28712,0.01605,0,0
113,1909,501,30,1476,403,59,42,214,212,21,8,629,189,289,21,22,847,0.01187,0.08109,0.29698,0.01572,0,0
114,1946,511,30,1510,406,59,41,215,215,21,8,655,191,296,20,22,855,0.01187,0.08169,0.30382,0.01542,0,0
115,1981,523,30,1547,404,57,39,223,222,24,8,672,181,301,15,22,875,0.01147,0.08129,0.31127,0.01514,0,0
116,2007,534,30,1587,390,57,37,212,229,23,8,693,178,305,14,22,894,0.01147,0.07847,0.31932,0.01495,0,0
117,2043,542,30,1627,386,55,37,216,234,25,8,712,170,308,12,22,915,0.01107,0.07767,0.32736,0.01468,0,0
118,2062,553,30,1664,368,54,36,205,241,22,8,729,163,312,14,22,935,0.01087,0.07404,0.33481,0.01455,0,0
119,2094,558,31,1705,358,41,28,197,243,19,9,747,161,315,9,22,958,0.00825,0.07205,0.34313,0.0148,0,0
120,2124,567,31,1738,355,42,30,196,248,19,9,767,159,319,11,22,971,0.00845,0.07144,0.34977,0.0146,0,0
121,2151,579,33,1772,346,39,24,190,253,13,11,787,156,326,11,22,985,0.00785,0.06966,0.35675,0.01534,0,0
122,2181,585,34,1811,336,33,23,195,256,14,11,806,141,329,9,23,1005,0.00665,0.06766,0.36468,0.01559,0,0
123,2202,590,34,1839,329,35,25,191,261,14,11,823,138,329,11,23,1016,0.00705,0.06625,0.37032,0.01544,0,0
124,2232,599,35,1883,314,33,24,174,266,15,11,850,140,333,9,24,1033,0.00665,0.06324,0.37925,0.01568,0,0
125,2249,606,36,1907,306,31,26,166,272,14,12,865,140,334,12,24,1042,0.00624,0.06164,0.38417,0.01601,0,0
126,2271,615,36,1945,290,34,27,163,277,16,12,881,127,338,11,24,1064,0.00685,0.05842,0.39182,0.01585,0,0
127,2295,620,36,1985,274,29,27,152,279,16,12,904,122,341,11,24,1081,0.00584,0.0552,0.39988,0.01569,0,0
128,2315,631,38,2003,274,36,29,150,288,17,14,914,124,343,12,24,1089,0.00726,0.05522,0.40367,0.01641,0,0
129,2333,640,38,2034,261,38,26,134,293,15,14,929,127,347,11,24,1105,0.00766,0.0526,0.40992,0.01629,0,0
130,2345,644,38,2069,238,34,26,123,296,16,14,948,115,348,10,24,1121,0.00685,0.04796,0.41697,0.0162,0,0
131,2366,650,39,2093,234,31,23,118,300,12,15,963,116,350,11,24,1130,0.00625,0.04717,0.42189,0.01648,0,0
132,2387,657,41,2117,229,29,22,110,302,13,15,975,119,355,9,26,1142,0.00585,0.04618,0.4269,0.01718,0,0
133,2401,665,42,2137,222,32,25,101,306,14,15,984,121,359,11,27,1153,0.00645,0.04478,0.43102,0.01749,0,0
134,2417,675,42,2155,220,38,28,103,311,15,15,992,117,364,13,27,1163,0.00766,0.04437,0.43465,0.01738,0,0
135,2438,681,42,2177,219,37,26,104,312,13,15,1001,115,369,13,27,1176,0.00746,0.04417,0.43909,0.01723,0,0
136,2454,687,42,2207,205,35,22,99,313,11,15,1014,106,374,11,27,1193,0.00706,0.04135,0.44514,0.01711,0,0
137,2465,697,42,2225,198,36,25,95,320,11,15,1020,103,377,14,27,1205,0.00726,0.03994,0.44877,0.01704,0,0
138,2486,705,42,2257,187,30,19,81,323,5,15,1041,106,382,14,27,1216,0.00605,0.03772,0.45522,0.01689,0,0
139,2498,712,43,2280,175,25,16,77,326,6,15,1053,98,386,10,28,1227,0.00504,0.0353,0.45996,0.01721,0,0
140,2507,717,43,2294,170,29,17,74,330,6,15,1058,96,387,11,28,1236,0.00585,0.03429,0.46278,0.01715,0,0
141,2522,720,44,2314,164,22,12,72,332,4,15,1069,92,388,8,29,1245,0.00444,0.03309,0.46691,0.01745,0,0
142,2534,722,45,2331,158,18,11,69,333,3,15,1075,89,389,8,30,1256,0.00363,0.03189,0.47043,0.01776,0,0
143,2547,731,45,2340,162,24,14,76,335,4,15,1078,86,396,10,30,1262,0.00484,0.03269,0.47225,0.01767,0,0
144,2560,738,46,2364,150,19,14,62,337,2,16,1097,88,401,12,30,1267,0.00384,0.03028,0.47719,0.01797,0,0
145,2573,745,46,2378,149,24,16,64,340,3,16,1105,85,405,13,30,1273,0.00484,0.03008,0.48002,0.01788,0,0
146,2584,750,46,2392,146,25,15,67,342,4,16,1109,79,408,11,30,1283,0.00505,0.02947,0.48284,0.0178,0,0
147,2593,754,46,2409,138,20,14,66,345,6,16,1116,72,409,8,30,1293,0.00404,0.02786,0.48627,0.01774,0,0
148,2598,759,47,2429,122,16,14,54,348,6,16,1125,68,411,8,31,1304,0.00323,0.02463,0.49041,0.01809,0,0
149,2606,766,48,2447,111,15,12,53,351,6,16,1129,58,415,6,32,1318,0.00303,0.02242,0.49414,0.01842,0,0
150,2613,770,49,2457,107,17,12,47,352,6,16,1135,60,418,6,33,1322,0.00343,0.02161,0.49626,0.01875,0,0
151,2622,772,49,2468,105,15,8,51,353,4,16,1139,54,419,4,33,1329,0.00303,0.02121,0.49849,0.01869,0,0
152,2628,773,50,2474,104,14,8,49,354,4,17,1142,55,419,4,33,1332,0.00283,0.02101,0.4998,0.01903,0,0
153,2632,775,50,2491,91,9,9,44,356,4,17,1150,47,419,5,33,1341,0.00182,0.01838,0.50323,0.019,0,0
154,2639,781,51,2503,85,12,11,40,357,3,18,1156,45,424,8,33,1347,0.00242,0.01718,0.50576,0.01933,0,0
155,2640,785,51,2509,80,15,11,37,358,3,18,1159,43,427,8,33,1350,0.00303,0.01616,0.50697,0.01932,0,0
156,2643,786,51,2519,73,15,11,37,358,3,18,1162,36,428,8,33,1357,0.00303,0.01475,0.50899,0.0193,0,0
157,2649,788,53,2529,67,11,8,33,358,1,19,1168,34,430,7,34,1361,0.00222,0.01354,0.51122,0.02001,0,0
158,2654,789,54,2538,62,8,6,32,359,2,19,1172,30,430,4,35,1366,0.00162,0.01254,0.51314,0.02035,0,0
159,2658,789,54,2547,57,4,6,30,359,2,19,1176,27,430,4,35,1371,0.00081,0.01152,0.51496,0.02032,0,0
160,2662,792,54,2556,52,5,6,26,361,3,19,1181,26,431,3,35,1375,0.00101,0.01051,0.51678,0.02029,0,0
161,2663,794,54,2558,51,7,8,26,363,5,19,1181,25,431,3,35,1377,0.00142,0.01031,0.51719,0.02028,0,0
162,2665,796,54,2564,47,8,11,23,365,6,19,1185,24,431,5,35,1379,0.00162,0.0095,0.5184,0.02026,0,0
163,2666,800,55,2575,36,8,8,17,366,5,19,1191,19,434,3,36,1384,0.00162,0.00728,0.52073,0.02063,0,0
164,2671,800,55,2580,36,7,8,18,366,4,19,1194,18,434,4,36,1386,0.00142,0.00728,0.52174,0.02059,0,0
165,2674,801,55,2583,36,8,8,19,366,4,19,1196,17,435,4,36,1387,0.00162,0.00728,0.52235,0.02057,0,0
166,2677,802,55,2588,34,6,5,17,367,2,19,1199,17,435,3,36,1389,0.00121,0.00688,0.52336,0.02055,0,0
167,2680,803,55,2591,34,6,4,15,368,1,19,1200,19,435,3,36,1391,0.00121,0.00688,0.52396,0.02052,0,0
168,2680,803,58,2593,29,3,2,14,368,1,20,1200,15,435,1,38,1393,0.00061,0.00587,0.52469,0.02164,0,0
169,2680,803,59,2598,23,2,1,14,368,1,20,1201,9,435,0,39,1397,0.0004,0.00465,0.5258,0.02201,0,0
170,2680,803,59,2599,22,2,3,14,368,2,20,1201,8,435,1,39,1398,0.0004,0.00445,0.52601,0.02201,0,0
171,2681,805,59,2604,18,4,4,12,369,2,20,1205,6,436,2,39,1399,0.00081,0.00364,0.52702,0.02201,0,0
172,2682,806,59,2604,19,5,4,13,369,2,20,1205,6,437,2,39,1399,0.00101,0.00385,0.52702,0.022,0,0
173,2682,806,59,2605,18,5,4,12,369,2,20,1206,6,437,2,39,1399,0.00101,0.00364,0.52722,0.022,0,0
174,2684,807,59,2607,18,5,4,12,370,2,20,1208,6,437,2,39,1399,0.00101,0.00364,0.52763,0.02198,0,0
175,2685,807,59,2612,14,3,2,8,370,0,20,1212,6,437,2,39,1400,0.00061,0.00283,0.52864,0.02197,0,0
176,2685,807,59,2615,11,3,2,7,370,0,20,1213,4,437,2,39,1402,0.00061,0.00223,0.52925,0.02197,0,0
177,2685,807,59,2619,7,1,0,6,370,0,20,1214,1,437,0,39,1405,0.0002,0.00142,0.53005,0.02197,0,0
178,2686,807,59,2619,8,1,0,7,370,0,20,1214,1,437,0,39,1405,0.0002,0.00162,0.53005,0.02197,0,0
179,2687,807,59,2620,8,1,1,7,370,1,20,1215,1,437,0,39,1405,0.0002,0.00162,0.53026,0.02196,0,0
180,2687,808,59,2621,7,2,1,6,371,1,20,1216,1,437,0,39,1405,0.0004,0.00142,0.53046,0.02196,0,0
181,2687,808,59,2622,6,2,1,5,371,1,20,1217,1,437,0,39,1405,0.0004,0.00121,0.53066,0.02196,0,0
182,2688,808,59,2623,6,1,2,5,371,2,20,1218,1,437,0,39,1405,0.0002,0.00121,0.53086,0.02195,0,0
183,2688,809,59,2623,6,2,2,5,372,2,20,1218,1,437,0,39,1405,0.0004,0.00121,0.53086,0.02195,0,0
184,2688,809,59,2624,5,2,2,4,372,2,20,1219,1,437,0,39,1405,0.0004,0.00101,0.53107,0.02195,0,0
185,2688,809,59,2624,5,2,3,4,372,3,20,1219,1,437,0,39,1405,0.0004,0.00101,0.53107,0.02195,0,0
186,2688,810,59,2624,5,3,3,4,373,3,20,1219,1,437,0,39,1405,0.00061,0.00101,0.53107,0.02195,0,0
187,2688,810,59,2626,3,2,2,3,373,2,20,1220,0,437,0,39,1406,0.0004,0.00061,0.53147,0.02195,0,0
188,2689,810,60,2626,3,1,2,3,373,2,21,1220,0,437,0,39,1406,0.0002,0.00061,0.53158,0.02231,0,0
189,2689,811,60,2627,2,1,1,2,374,1,21,1221,0,437,0,39,1406,0.0002,0.0004,0.53178,0.02231,0,0
190,2689,811,60,2627,2,1,1,2,374,1,21,1221,0,437,0,39,1406,0.0002,0.0004,0.53178,0.02231,0,0
191,2689,811,60,2627,2,1,1,2,374,1,21,1221,0,437,0,39,1406,0.0002,0.0004,0.53178,0.02231,0,0
192,2689,811,60,2628,1,0,0,1,374,0,21,1222,0,437,0,39,1406,0.0,0.0002,0.53198,0.02231,0,0
193,2689,811,60,2628,1,0,0,1,374,0,21,1222,0,437,0,39,1406,0.0,0.0002,0.53198,0.02231,0,0
194,2689,811,60,2628,1,0,0,1,374,0,21,1222,0,437,0,39,1406,0.0,0.0002,0.53198,0.02231,0,0
195,2689,811,60,2628,1,0,0,1,374,0,21,1222,0,437,0,39,1406,0.0,0.0002,0.53198,0.02231,0,0
196,2689,811,60,2628,1,0,0,1,374,0,21,1222,0,437,0,39,1406,0.0,0.0002,0.53198,0.02231,0,0
197,2689,811,60,2628,1,0,0,1,374,0,21,1222,0,437,0,39,1406,0.0,0.0002,0.53198,0.02231,0,0
198,2689,811,60,2628,1,0,0,1,374,0,21,1222,0,437,0,39,1406,0.0,0.0002,0.53198,0.02231,0,0
199,2689,811,60,2628,1,0,0,1,374,0,21,1222,0,437,0,39,1406,0.0,0.0002,0.53198,0.02231,0,0
200,2689,811,60,2628,1,0,0,1,374,0,21,1222,0,437,0,39,1406,0.0,0.0002,0.53198,0.02231,0,0
201,2689,811,60,2628,1,0,0,1,374,0,21,1222,0,437,0,39,1406,0.0,0.0002,0.53198,0.02231,0,0
202,2689,811,60,2629,0,0,0,0,374,0,21,1223,0,437,0,39,1406,0.0,0.0,0.53219,0.02231,0,0
203,2689,811,60,2629,0,0,0,0,374,0,21,1223,0,437,0,39,1406,0.0,0.0,0.53219,0.02231,0,0
204,2689,811,60,2629,0,0,0,0,374,0,21,1223,0,437,0,39,1406,0.0,0.0,0.53219,0.02231,0,0
205,2689,811,60,2629,0,0,0,0,374,0,21,1223,0,437,0,39,1406,0.0,0.0,0.53219,0.02231,0,0
206,2689,811,60,2629,0,0,0,0,374,0,21,1223,0,437,0,39,1406,0.0,0.0,0.53219,0.02231,0,0
207,2689,811,60,2629,0,0,0,0,374,0,21,1223,0,437,0,39,1406,0.0,0.0,0.53219,0.02231,0,0
208,2689,811,60,2629,0,0,0,0,374,0,21,1223,0,437,0,39,1406,0.0,0.0,0.53219,0.02231,0,0
209,2689,811,60,2629,0,0,0,0,374,0,21,1223,0,437,0,39,1406,0.0,0.0,0.53219,0.02231,0,0
210,2689,811,60,2629,0,0,0,0,374,0,21,1223,0,437,0,39,1406,0.0,0.0,0.53219,0.02231,0,0
211,2689,811,60,2629,0,0,0,0,374,0,21,1223,0,437,0,39,1406,0.0,0.0,0.53219,0.02231,0,0
212,2689,811,60,2629,0,0,0,0,374,0,21,1223,0,437,0,39,1406,0.0,0.0,0.53219,0.02231,0,0
213,2689,811,60,2629,0,0,0,0,374,0,21,1223,0,437,0,39,1406,0.0,0.0,0.53219,0.02231,0,0
214,2689,811,60,2629,0,0,0,0,374,0,21,1223,0,437,0,39,1406,0.0,0.0,0.53219,0.02231,0,0
215,2689,811,60,2629,0,0,0,0,374,0,21,1223,0,437,0,39,1406,0.0,0.0,0.53219,0.02231,0,0
216,2689,811,60,2629,0,0,0,0,374,0,21,1223,0,437,0,39,1406,0.0,0.0,0.53219,0.02231,0,0
217,2689,811,60,2629,0,0,0,0,374,0,21,1223,0,437,0,39,1406,0.0,0.0,0.53219,0.02231,0,0
218,2689,811,60,2629,0,0,0,0,374,0,21,1223,0,437,0,39,1406,0.0,0.0,0.53219,0.02231,0,0
219,2689,811,60,2629,0,0,0,0,374,0,21,1223,0,437,0,39,1406,0.0,0.0,0.53219,0.02231,0,0
220,2689,811,60,2629,0,0,0,0,374,0,21,1223,0,437,0,39,1406,0.0,0.0,0.53219,0.02231,0,0
221,2689,811,60,2629,0,0,0,0,374,0,21,1223,0,437,0,39,1406,0.0,0.0,0.53219,0.02231,0,0
222,2689,811,60,2629,0,0,0,0,374,0,21,1223,0,437,0,39,1406,0.0,0.0,0.53219,0.02231,0,0
223,2689,811,60,2629,0,0,0,0,374,0,21,1223,0,437,0,39,1406,0.0,0.0,0.53219,0.02231,0,0
224,2689,811,60,2629,0,0,0,0,374,0,21,1223,0,437,0,39,1406,0.0,0.0,0.53219,0.02231,0,0
225,2689,811,60,2629,0,0,0,0,374,0,21,1223,0,437,0,39,1406,0.0,0.0,0.53219,0.02231,0,0
226,2689,811,60,2629,0,0,0,0,374,0,21,1223,0,437,0,39,1406,0.0,0.0,0.53219,0.02231,0,0
227,2689,811,60,2629,0,0,0,0,374,0,21,1223,0,437,0,39,1406,0.0,0.0,0.53219,0.02231,0,0
228,2689,811,60,2629,0,0,0,0,374,0,21,1223,0,437,0,39,1406,0.0,0.0,0.53219,0.02231,0,0
229,2689,811,60,2629,0,0,0,0,374,0,21,1223,0,437,0,39,1406,0.0,0.0,0.53219,0.02231,0,0
230,2689,811,60,2629,0,0,0,0,374,0,21,1223,0,437,0,39,1406,0.0,0.0,0.53219,0.02231,0,0
231,2689,811,60,2629,0,0,0,0,374,0,21,1223,0,437,0,39,1406,0.0,0.0,0.53219,0.02231,0,0
232,2689,811,60,2629,0,0,0,0,374,0,21,1223,0,437,0,39,1406,0.0,0.0,0.53219,0.02231,0,0
233,2689,811,60,2629,0,0,0,0,374,0,21,1223,0,437,0,39,1406,0.0,0.0,0.53219,0.02231,0,0
234,2689,811,60,2629,0,0,0,0,374,0,21,1223,0,437,0,39,1406,0.0,0.0,0.53219,0.02231,0,0
235,2689,811,60,2629,0,0,0,0,374,0,21,1223,0,437,0,39,1406,0.0,0.0,0.53219,0.02231,0,0
236,2689,811,60,2629,0,0,0,0,374,0,21,1223,0,437,0,39,1406,0.0,0.0,0.53219,0.02231,0,0
237,2689,811,60,2629,0,0,0,0,374,0,21,1223,0,437,0,39,1406,0.0,0.0,0.53219,0.02231,0,0
238,2689,811,60,2629,0,0,0,0,374,0,21,1223,0,437,0,39,1406,0.0,0.0,0.53219,0.02231,0,0
239,2689,811,60,2629,0,0,0,0,374,0,21,1223,0,437,0,39,1406,0.0,0.0,0.53219,0.02231,0,0
240,2689,811,60,2629,0,0,0,0,374,0,21,1223,0,437,0,39,1406,0.0,0.0,0.53219,0.02231,0,0
241,2689,811,60,2629,0,0,0,0,374,0,21,1223,0,437,0,39,1406,0.0,0.0,0.53219,0.02231,0,0
242,2689,811,60,2629,0,0,0,0,374,0,21,1223,0,437,0,39,1406,0.0,0.0,0.53219,0.02231,0,0
243,2689,811,60,2629,0,0,0,0,374,0,21,1223,0,437,0,39,1406,0.0,0.0,0.53219,0.02231,0,0
244,2689,811,60,2629,0,0,0,0,374,0,21,1223,0,437,0,39,1406,0.0,0.0,0.53219,0.02231,0,0
245,2689,811,60,2629,0,0,0,0,374,0,21,1223,0,437,0,39,1406,0.0,0.0,0.53219,0.02231,0,0
246,2689,811,60,2629,0,0,0,0,374,0,21,1223,0,437,0,39,1406,0.0,0.0,0.53219,0.02231,0,0
247,2689,811,60,2629,0,0,0,0,374,0,21,1223,0,437,0,39,1406,0.0,0.0,0.53219,0.02231,0,0
248,2689,811,60,2629,0,0,0,0,374,0,21,1223,0,437,0,39,1406,0.0,0.0,0.53219,0.02231,0,0
249,2689,811,60,2629,0,0,0,0,374,0,21,1223,0,437,0,39,1406,0.0,0.0,0.53219,0.02231,0,0
250,2689,811,60,2629,0,0,0,0,374,0,21,1223,0,437,0,39,1406,0.0,0.0,0.53219,0.02231,0,0
251,2689,811,60,2629,0,0,0,0,374,0,21,1223,0,437,0,39,1406,0.0,0.0,0.53219,0.02231,0,0
252,2689,811,60,2629,0,0,0,0,374,0,21,1223,0,437,0,39,1406,0.0,0.0,0.53219,0.02231,0,0
253,2689,811,60,2629,0,0,0,0,374,0,21,1223,0,437,0,39,1406,0.0,0.0,0.53219,0.02231,0,0
254,2689,811,60,2629,0,0,0,0,374,0,21,1223,0,437,0,39,1406,0.0,0.0,0.53219,0.02231,0,0
255,2689,811,60,2629,0,0,0,0,374,0,21,1223,0,437,0,39,1406,0.0,0.0,0.53219,0.02231,0,0
256,2689,811,60,2629,0,0,0,0,374,0,21,1223,0,437,0,39,1406,0.0,0.0,0.53219,0.02231,0,0
257,2689,811,60,2629,0,0,0,0,374,0,21,1223,0,437,0,39,1406,0.0,0.0,0.53219,0.02231,0,0
258,2689,811,60,2629,0,0,0,0,374,0,21,1223,0,437,0,39,1406,0.0,0.0,0.53219,0.02231,0,0
259,2689,811,60,2629,0,0,0,0,374,0,21,1223,0,437,0,39,1406,0.0,0.0,0.53219,0.02231,0,0
260,2689,811,60,2629,0,0,0,0,374,0,21,1223,0,437,0,39,1406,0.0,0.0,0.53219,0.02231,0,0
261,2689,811,60,2629,0,0,0,0,374,0,21,1223,0,437,0,39,1406,0.0,0.0,0.53219,0.02231,0,0
262,2689,811,60,2629,0,0,0,0,374,0,21,1223,0,437,0,39,1406,0.0,0.0,0.53219,0.02231,0,0
263,2689,811,60,2629,0,0,0,0,374,0,21,1223,0,437,0,39,1406,0.0,0.0,0.53219,0.02231,0,0
264,2689,811,60,2629,0,0,0,0,374,0,21,1223,0,437,0,39,1406,0.0,0.0,0.53219,0.02231,0,0
265,2689,811,60,2629,0,0,0,0,374,0,21,1223,0,437,0,39,1406,0.0,0.0,0.53219,0.02231,0,0
266,2689,811,60,2629,0,0,0,0,374,0,21,1223,0,437,0,39,1406,0.0,0.0,0.53219,0.02231,0,0
267,2689,811,60,2629,0,0,0,0,374,0,21,1223,0,437,0,39,1406,0.0,0.0,0.53219,0.02231,0,0
268,2689,811,60,2629,0,0,0,0,374,0,21,1223,0,437,0,39,1406,0.0,0.0,0.53219,0.02231,0,0
269,2689,811,60,2629,0,0,0,0,374,0,21,1223,0,437,0,39,1406,0.0,0.0,0.53219,0.02231,0,0
270,2689,811,60,2629,0,0,0,0,374,0,21,1223,0,437,0,39,1406,0.0,0.0,0.53219,0.02231,0,0
271,2689,811,60,2629,0,0,0,0,374,0,21,1223,0,437,0,39,1406,0.0,0.0,0.53219,0.02231,0,0
272,2689,811,60,2629,0,0,0,0,374,0,21,1223,0,437,0,39,1406,0.0,0.0,0.53219,0.02231,0,0
273,2689,811,60,2629,0,0,0,0,374,0,21,1223,0,437,0,39,1406,0.0,0.0,0.53219,0.02231,0,0
274,2689,811,60,2629,0,0,0,0,374,0,21,1223,0,437,0,39,1406,0.0,0.0,0.53219,0.02231,0,0
275,2689,811,60,2629,0,0,0,0,374,0,21,1223,0,437,0,39,1406,0.0,0.0,0.53219,0.02231,0,0
276,2689,811,60,2629,0,0,0,0,374,0,21,1223,0,437,0,39,1406,0.0,0.0,0.53219,0.02231,0,0
277,2689,811,60,2629,0,0,0,0,374,0,21,1223,0,437,0,39,1406,0.0,0.0,0.53219,0.02231,0,0
278,2689,811,60,2629,0,0,0,0,374,0,21,1223,0,437,0,39,1406,0.0,0.0,0.53219,0.02231,0,0
279,2689,811,60,2629,0,0,0,0,374,0,21,1223,0,437,0,39,1406,0.0,0.0,0.53219,0.02231,0,0
280,2689,811,60,2629,0,0,0,0,374,0,21,1223,0,437,0,39,1406,0.0,0.0,0.53219,0.02231,0,0
281,2689,811,60,2629,0,0,0,0,374,0,21,1223,0,437,0,39,1406,0.0,0.0,0.53219,0.02231,0,0
282,2689,811,60,2629,0,0,0,0,374,0,21,1223,0,437,0,39,1406,0.0,0.0,0.53219,0.02231,0,0
283,2689,811,60,2629,0,0,0,0,374,0,21,1223,0,437,0,39,1406,0.0,0.0,0.53219,0.02231,0,0
284,2689,811,60,2629,0,0,0,0,374,0,21,1223,0,437,0,39,1406,0.0,0.0,0.53219,0.02231,0,0
285,2689,811,60,2629,0,0,0,0,374,0,21,1223,0,437,0,39,1406,0.0,0.0,0.53219,0.02231,0,0
286,2689,811,60,2629,0,0,0,0,374,0,21,1223,0,437,0,39,1406,0.0,0.0,0.53219,0.02231,0,0
287,2689,811,60,2629,0,0,0,0,374,0,21,1223,0,437,0,39,1406,0.0,0.0,0.53219,0.02231,0,0
288,2689,811,60,2629,0,0,0,0,374,0,21,1223,0,437,0,39,1406,0.0,0.0,0.53219,0.02231,0,0
289,2689,811,60,2629,0,0,0,0,374,0,21,1223,0,437,0,39,1406,0.0,0.0,0.53219,0.02231,0,0
290,2689,811,60,2629,0,0,0,0,374,0,21,1223,0,437,0,39,1406,0.0,0.0,0.53219,0.02231,0,0
291,2689,811,60,2629,0,0,0,0,374,0,21,1223,0,437,0,39,1406,0.0,0.0,0.53219,0.02231,0,0
292,2689,811,60,2629,0,0,0,0,374,0,21,1223,0,437,0,39,1406,0.0,0.0,0.53219,0.02231,0,0
293,2689,811,60,2629,0,0,0,0,374,0,21,1223,0,437,0,39,1406,0.0,0.0,0.53219,0.02231,0,0
294,2689,811,60,2629,0,0,0,0,374,0,21,1223,0,437,0,39,1406,0.0,0.0,0.53219,0.02231,0,0
295,2689,811,60,2629,0,0,0,0,374,0,21,1223,0,437,0,39,1406,0.0,0.0,0.53219,0.02231,0,0
296,2689,811,60,2629,0,0,0,0,374,0,21,1223,0,437,0,39,1406,0.0,0.0,0.53219,0.02231,0,0
297,2689,811,60,2629,0,0,0,0,374,0,21,1223,0,437,0,39,1406,0.0,0.0,0.53219,0.02231,0,0
298,2689,811,60,2629,0,0,0,0,374,0,21,1223,0,437,0,39,1406,0.0,0.0,0.53219,0.02231,0,0
299,2689,811,60,2629,0,0,0,0,374,0,21,1223,0,437,0,39,1406,0.0,0.0,0.53219,0.02231,0,0
300,2689,811,60,2629,0,0,0,0,374,0,21,1223,0,437,0,39,1406,0.0,0.0,0.53219,0.02231,0,0
301,2689,811,60,2629,0,0,0,0,374,0,21,1223,0,437,0,39,1406,0.0,0.0,0.53219,0.02231,0,0
302,2689,811,60,2629,0,0,0,0,374,0,21,1223,0,437,0,39,1406,0.0,0.0,0.53219,0.02231,0,0
303,2689,811,60,2629,0,0,0,0,374,0,21,1223,0,437,0,39,1406,0.0,0.0,0.53219,0.02231,0,0
304,2689,811,60,2629,0,0,0,0,374,0,21,1223,0,437,0,39,1406,0.0,0.0,0.53219,0.02231,0,0
305,2689,811,60,2629,0,0,0,0,374,0,21,1223,0,437,0,39,1406,0.0,0.0,0.53219,0.02231,0,0
306,2689,811,60,2629,0,0,0,0,374,0,21,1223,0,437,0,39,1406,0.0,0.0,0.53219,0.02231,0,0
307,2689,811,60,2629,0,0,0,0,374,0,21,1223,0,437,0,39,1406,0.0,0.0,0.53219,0.02231,0,0
308,2689,811,60,2629,0,0,0,0,374,0,21,1223,0,437,0,39,1406,0.0,0.0,0.53219,0.02231,0,0
309,2689,811,60,2629,0,0,0,0,374,0,21,1223,0,437,0,39,1406,0.0,0.0,0.53219,0.02231,0,0
310,2689,811,60,2629,0,0,0,0,374,0,21,1223,0,437,0,39,1406,0.0,0.0,0.53219,0.02231,0,0
311,2689,811,60,2629,0,0,0,0,374,0,21,1223,0,437,0,39,1406,0.0,0.0,0.53219,0.02231,0,0
312,2689,811,60,2629,0,0,0,0,374,0,21,1223,0,437,0,39,1406,0.0,0.0,0.53219,0.02231,0,0
313,2689,811,60,2629,0,0,0,0,374,0,21,1223,0,437,0,39,1406,0.0,0.0,0.53219,0.02231,0,0
314,2689,811,60,2629,0,0,0,0,374,0,21,1223,0,437,0,39,1406,0.0,0.0,0.53219,0.02231,0,0
315,2689,811,60,2629,0,0,0,0,374,0,21,1223,0,437,0,39,1406,0.0,0.0,0.53219,0.02231,0,0
316,2689,811,60,2629,0,0,0,0,374,0,21,1223,0,437,0,39,1406,0.0,0.0,0.53219,0.02231,0,0
317,2689,811,60,2629,0,0,0,0,374,0,21,1223,0,437,0,39,1406,0.0,0.0,0.53219,0.02231,0,0
318,2689,811,60,2629,0,0,0,0,374,0,21,1223,0,437,0,39,1406,0.0,0.0,0.53219,0.02231,0,0
319,2689,811,60,2629,0,0,0,0,374,0,21,1223,0,437,0,39,1406,0.0,0.0,0.53219,0.02231,0,0
320,2689,811,60,2629,0,0,0,0,374,0,21,1223,0,437,0,39,1406,0.0,0.0,0.53219,0.02231,0,0
321,2689,811,60,2629,0,0,0,0,374,0,21,1223,0,437,0,39,1406,0.0,0.0,0.53219,0.02231,0,0
322,2689,811,60,2629,0,0,0,0,374,0,21,1223,0,437,0,39,1406,0.0,0.0,0.53219,0.02231,0,0
323,2689,811,60,2629,0,0,0,0,374,0,21,1223,0,437,0,39,1406,0.0,0.0,0.53219,0.02231,0,0
324,2689,811,60,2629,0,0,0,0,374,0,21,1223,0,437,0,39,1406,0.0,0.0,0.53219,0.02231,0,0
325,2689,811,60,2629,0,0,0,0,374,0,21,1223,0,437,0,39,1406,0.0,0.0,0.53219,0.02231,0,0
326,2689,811,60,2629,0,0,0,0,374,0,21,1223,0,437,0,39,1406,0.0,0.0,0.53219,0.02231,0,0
327,2689,811,60,2629,0,0,0,0,374,0,21,1223,0,437,0,39,1406,0.0,0.0,0.53219,0.02231,0,0
328,2689,811,60,2629,0,0,0,0,374,0,21,1223,0,437,0,39,1406,0.0,0.0,0.53219,0.02231,0,0
329,2689,811,60,2629,0,0,0,0,374,0,21,1223,0,437,0,39,1406,0.0,0.0,0.53219,0.02231,0,0
330,2689,811,60,2629,0,0,0,0,374,0,21,1223,0,437,0,39,1406,0.0,0.0,0.53219,0.02231,0,0
331,2689,811,60,2629,0,0,0,0,374,0,21,1223,0,437,0,39,1406,0.0,0.0,0.53219,0.02231,0,0
332,2689,811,60,2629,0,0,0,0,374,0,21,1223,0,437,0,39,1406,0.0,0.0,0.53219,0.02231,0,0
333,2689,811,60,2629,0,0,0,0,374,0,21,1223,0,437,0,39,1406,0.0,0.0,0.53219,0.02231,0,0
334,2689,811,60,2629,0,0,0,0,374,0,21,1223,0,437,0,39,1406,0.0,0.0,0.53219,0.02231,0,0
335,2689,811,60,2629,0,0,0,0,374,0,21,1223,0,437,0,39,1406,0.0,0.0,0.53219,0.02231,0,0
336,2689,811,60,2629,0,0,0,0,374,0,21,1223,0,437,0,39,1406,0.0,0.0,0.53219,0.02231,0,0
337,2689,811,60,2629,0,0,0,0,374,0,21,1223,0,437,0,39,1406,0.0,0.0,0.53219,0.02231,0,0
338,2689,811,60,2629,0,0,0,0,374,0,21,1223,0,437,0,39,1406,0.0,0.0,0.53219,0.02231,0,0
339,2689,811,60,2629,0,0,0,0,374,0,21,1223,0,437,0,39,1406,0.0,0.0,0.53219,0.02231,0,0
340,2689,811,60,2629,0,0,0,0,374,0,21,1223,0,437,0,39,1406,0.0,0.0,0.53219,0.02231,0,0
341,2689,811,60,2629,0,0,0,0,374,0,21,1223,0,437,0,39,1406,0.0,0.0,0.53219,0.02231,0,0
342,2689,811,60,2629,0,0,0,0,374,0,21,1223,0,437,0,39,1406,0.0,0.0,0.53219,0.02231,0,0
343,2689,811,60,2629,0,0,0,0,374,0,21,1223,0,437,0,39,1406,0.0,0.0,0.53219,0.02231,0,0
344,2689,811,60,2629,0,0,0,0,374,0,21,1223,0,437,0,39,1406,0.0,0.0,0.53219,0.02231,0,0
345,2689,811,60,2629,0,0,0,0,374,0,21,1223,0,437,0,39,1406,0.0,0.0,0.53219,0.02231,0,0
346,2689,811,60,2629,0,0,0,0,374,0,21,1223,0,437,0,39,1406,0.0,0.0,0.53219,0.02231,0,0
347,2689,811,60,2629,0,0,0,0,374,0,21,1223,0,437,0,39,1406,0.0,0.0,0.53219,0.02231,0,0
348,2689,811,60,2629,0,0,0,0,374,0,21,1223,0,437,0,39,1406,0.0,0.0,0.53219,0.02231,0,0
349,2689,811,60,2629,0,0,0,0,374,0,21,1223,0,437,0,39,1406,0.0,0.0,0.53219,0.02231,0,0
350,2689,811,60,2629,0,0,0,0,374,0,21,1223,0,437,0,39,1406,0.0,0.0,0.53219,0.02231,0,0
351,2689,811,60,2629,0,0,0,0,374,0,21,1223,0,437,0,39,1406,0.0,0.0,0.53219,0.02231,0,0
352,2689,811,60,2629,0,0,0,0,374,0,21,1223,0,437,0,39,1406,0.0,0.0,0.53219,0.02231,0,0
353,2689,811,60,2629,0,0,0,0,374,0,21,1223,0,437,0,39,1406,0.0,0.0,0.53219,0.02231,0,0
354,2689,811,60,2629,0,0,0,0,374,0,21,1223,0,437,0,39,1406,0.0,0.0,0.53219,0.02231,0,0
355,2689,811,60,2629,0,0,0,0,374,0,21,1223,0,437,0,39,1406,0.0,0.0,0.53219,0.02231,0,0
356,2689,811,60,2629,0,0,0,0,374,0,21,1223,0,437,0,39,1406,0.0,0.0,0.53219,0.02231,0,0
357,2689,811,60,2629,0,0,0,0,374,0,21,1223,0,437,0,39,1406,0.0,0.0,0.53219,0.02231,0,0
358,2689,811,60,2629,0,0,0,0,374,0,21,1223,0,437,0,39,1406,0.0,0.0,0.53219,0.02231,0,0
359,2689,811,60,2629,0,0,0,0,374,0,21,1223,0,437,0,39,1406,0.0,0.0,0.53219,0.02231,0,0
360,2689,811,60,2629,0,0,0,0,374,0,21,1223,0,437,0,39,1406,0.0,0.0,0.53219,0.02231,0,0
