Day,Total infected,Total tested,Total deaths,Total recovered,Infected,Actual tested,In treatment,Infected in A,Tested in A,In treatment in A,Deaths in A,Recovered in A,Infected in B,Tested in B,In treatment in B,Deaths in B,Recovered in B,Known infected %,Infected population %,Population immunity %,Death rate,Total isolated,Isolated
1,6,0,0,0,6,0,0,6,0,0,0,0,0,0,0,0,0,0.0,0.002,0.0,0.0,0,0
2,7,0,0,0,7,0,0,7,0,0,0,0,0,0,0,0,0,0.0,0.00233,0.0,0.0,0,0
3,8,0,0,0,8,0,0,8,0,0,0,0,0,0,0,0,0,0.0,0.00267,0.0,0.0,0,0
4,11,0,0,0,11,0,0,11,0,0,0,0,0,0,0,0,0,0.0,0.00367,0.0,0.0,0,0
5,12,0,0,0,12,0,0,12,0,0,0,0,0,0,0,0,0,0.0,0.004,0.0,0.0,0,0
6,13,0,0,0,13,0,0,13,0,0,0,0,0,0,0,0,0,0.0,0.00433,0.0,0.0,0,0
7,14,0,0,2,12,0,0,12,0,0,0,2,0,0,0,0,0,0.0,0.004,0.00067,0.0,0,0
8,16,0,0,3,13,0,0,13,0,0,0,3,0,0,0,0,0,0.0,0.00433,0.001,0.0,0,0
9,17,1,0,5,12,1,0,9,0,0,0,5,3,1,0,0,0,0.00033,0.004,0.00167,0.0,0,0
10,18,2,0,6,12,2,0,8,1,0,0,6,4,1,0,0,0,0.00067,0.004,0.002,0.0,0,0
11,19,2,0,7,12,1,0,7,1,0,0,7,5,1,0,0,0,0.00033,0.004,0.00233,0.0,0,0
12,24,2,0,9,15,1,0,7,1,0,0,9,8,1,0,0,0,0.00033,0.005,0.003,0.0,0,0
13,25,2,0,9,16,1,0,7,1,0,0,9,9,1,0,0,0,0.00033,0.00533,0.003,0.0,0,0
14,28,2,0,11,17,1,0,5,1,0,0,11,12,1,0,0,0,0.00033,0.00567,0.00367,0.0,0,0
15,29,2,0,13,16,0,1,8,1,1,0,11,8,1,0,0,2,0.0,0.00533,0.00433,0.0,0,0
16,30,3,0,14,16,1,1,8,2,1,0,12,8,1,0,0,2,0.00033,0.00533,0.00467,0.0,0,0
17,31,4,0,15,16,2,2,7,3,1,0,13,9,1,1,0,2,0.00067,0.00533,0.005,0.0,0,0
18,33,5,0,15,18,3,2,7,3,1,0,13,11,2,1,0,2,0.001,0.006,0.005,0.0,0,0
19,34,5,0,15,19,3,2,8,3,1,0,13,11,2,1,0,2,0.001,0.00633,0.005,0.0,0,0
20,36,5,0,17,19,3,3,9,3,2,0,13,10,2,1,0,4,0.001,0.00633,0.00567,0.0,0,0
21,39,6,0,19,20,3,3,11,4,2,0,13,9,2,1,0,6,0.001,0.00667,0.00633,0.0,0,0
22,42,7,0,21,21,3,3,12,4,2,0,15,9,3,1,0,6,0.001,0.007,0.007,0.0,0,0
23,46,8,0,24,22,3,2,13,5,1,0,18,9,3,1,0,6,0.001,0.00733,0.008,0.0,0,0
24,49,8,0,26,23,3,2,14,5,1,0,19,9,3,1,0,7,0.001,0.00767,0.00867,0.0,0,0
25,52,8,1,27,24,2,1,13,5,0,1,20,11,3,1,0,7,0.00067,0.008,0.009,0.01923,0,0
26,54,9,1,27,26,3,2,13,6,0,1,20,13,3,2,0,7,0.001,0.00867,0.009,0.01852,0,0
27,59,10,1,27,31,4,3,14,6,1,1,20,17,4,2,0,7,0.00133,0.01034,0.009,0.01695,0,0
28,63,11,1,27,35,5,4,16,7,2,1,20,19,4,2,0,7,0.00167,0.01167,0.009,0.01587,0,0
29,68,12,1,30,37,5,3,19,8,2,1,21,18,4,1,0,9,0.00167,0.01234,0.01,0.01471,0,0
30,72,12,1,33,38,3,2,18,8,2,1,23,20,4,0,0,10,0.001,0.01267,0.011,0.01389,0,0
31,76,13,1,39,36,4,2,19,9,2,1,25,17,4,0,0,14,0.00133,0.012,0.013,0.01316,0,0
32,80,13,1,41,38,4,2,20,9,2,1,25,18,4,0,0,16,0.00133,0.01267,0.01367,0.0125,0,0
33,84,13,1,45,38,4,3,21,9,3,1,27,17,4,0,0,18,0.00133,0.01267,0.01501,0.0119,0,0
34,90,15,1,48,41,4,1,19,10,1,1,29,22,5,0,0,19,0.00133,0.01367,0.01601,0.01111,0,0
35,100,16,1,50,49,4,2,22,10,1,1,31,27,6,1,0,19,0.00133,0.01634,0.01667,0.01,0,0
36,107,17,1,53,53,5,2,24,10,1,1,32,29,7,1,0,21,0.00167,0.01767,0.01767,0.00935,0,0
37,113,17,1,57,55,4,3,22,10,1,1,35,33,7,2,0,22,0.00133,0.01834,0.01901,0.00885,0,0
38,121,17,1,60,60,3,3,27,10,1,1,35,33,7,2,0,25,0.001,0.02001,0.02001,0.00826,0,0
39,128,19,1,63,64,5,3,26,10,1,1,37,38,9,2,0,26,0.00167,0.02134,0.02101,0.00781,0,0
40,135,19,1,69,65,4,2,25,10,0,1,41,40,9,2,0,28,0.00133,0.02167,0.02301,0.00741,0,0
41,141,19,1,74,66,3,3,26,10,1,1,43,40,9,2,0,31,0.001,0.02201,0.02467,0.00709,0,0
42,148,21,1,77,70,5,4,28,11,2,1,43,42,10,2,0,34,0.00167,0.02334,0.02568,0.00676,0,0
43,151,22,1,84,66,4,3,30,12,2,1,46,36,10,1,0,38,0.00133,0.02201,0.02801,0.00662,0,0
44,160,22,1,86,73,4,3,33,12,2,1,46,40,10,1,0,40,0.00133,0.02434,0.02868,0.00625,0,0
45,171,22,2,91,78,2,1,35,12,1,1,50,43,10,0,1,41,0.00067,0.02602,0.03035,0.0117,0,0
46,183,23,2,102,79,2,1,37,13,1,1,55,42,10,0,1,47,0.00067,0.02635,0.03402,0.01093,0,0
47,190,24,2,111,77,3,2,36,14,1,1,58,41,10,1,1,53,0.001,0.02568,0.03702,0.01053,0,0
48,204,27,2,117,85,6,3,37,15,2,1,61,48,12,1,1,56,0.002,0.02835,0.03903,0.0098,0,0
49,224,28,2,124,98,6,4,45,16,2,1,65,53,12,2,1,59,0.002,0.03269,0.04136,0.00893,0,0
50,239,32,2,125,112,10,7,51,17,3,1,65,61,15,4,1,60,0.00334,0.03736,0.04169,0.00837,0,0
51,243,34,2,129,112,11,11,52,17,4,1,66,60,17,7,1,63,0.00367,0.03736,0.04303,0.00823,0,0
52,250,38,2,139,109,12,13,49,18,5,1,70,60,20,8,1,69,0.004,0.03636,0.04636,0.008,0,0
53,253,41,2,145,106,14,13,48,20,4,1,73,58,21,9,1,72,0.00467,0.03536,0.04837,0.00791,0,0
54,263,42,3,149,111,13,13,46,20,4,1,76,65,22,9,2,73,0.00434,0.03704,0.04972,0.01141,0,0
55,272,44,3,161,108,13,13,48,20,4,1,78,60,24,9,2,83,0.00434,0.03604,0.05372,0.01103,0,0
56,280,48,4,167,109,15,13,52,22,3,2,79,57,26,10,2,88,0.00501,0.03638,0.05574,0.01429,0,0
57,286,51,5,180,101,15,12,48,23,1,3,86,53,28,11,2,94,0.00501,0.03372,0.0601,0.01748,0,0
58,294,54,6,189,99,14,10,49,24,2,3,89,50,30,8,3,100,0.00468,0.03307,0.06313,0.02041,0,0
59,298,61,6,204,88,17,11,41,28,3,3,98,47,33,8,3,106,0.00568,0.02939,0.06814,0.02013,0,0
60,310,64,6,213,91,15,9,40,29,2,3,104,51,35,7,3,109,0.00501,0.03039,0.07114,0.01935,0,0
61,317,66,8,226,83,13,6,40,30,3,3,108,43,36,3,5,118,0.00434,0.02774,0.07553,0.02524,0,0
62,324,69,8,237,79,13,5,38,31,3,3,113,41,38,2,5,124,0.00434,0.0264,0.07921,0.02469,0,0
63,326,71,8,245,73,12,5,36,32,2,3,115,37,39,3,5,130,0.00401,0.0244,0.08189,0.02454,0,0
64,331,74,8,254,69,11,6,34,33,3,3,119,35,41,3,5,135,0.00368,0.02306,0.08489,0.02417,0,0
65,336,79,8,262,66,14,7,32,36,4,3,125,34,43,3,5,137,0.00468,0.02206,0.08757,0.02381,0,0
66,340,81,8,267,65,14,6,30,37,3,3,127,35,44,3,5,140,0.00468,0.02172,0.08924,0.02353,0,0
67,344,82,8,274,62,12,6,27,37,3,3,129,35,45,3,5,145,0.00401,0.02072,0.09158,0.02326,0,0
68,345,82,8,279,58,10,7,26,37,4,3,131,32,45,3,5,148,0.00334,0.01939,0.09325,0.02319,0,0
69,352,83,8,287,57,9,7,24,38,4,3,136,33,45,3,5,151,0.00301,0.01905,0.09592,0.02273,0,0
70,356,84,8,294,54,9,6,24,38,3,3,138,30,46,3,5,156,0.00301,0.01805,0.09826,0.02247,0,0
71,360,85,8,302,50,7,6,24,39,2,3,141,26,46,4,5,161,0.00234,0.01671,0.10094,0.02222,0,0
72,365,87,8,304,53,8,6,27,40,3,3,142,26,47,3,5,162,0.00267,0.01771,0.1016,0.02192,0,0
73,368,90,8,311,49,8,5,25,42,2,3,146,24,48,3,5,165,0.00267,0.01638,0.10394,0.02174,0,0
74,370,91,8,315,47,7,5,24,42,2,3,147,23,49,3,5,168,0.00234,0.01571,0.10528,0.02162,0,0
75,372,93,9,320,43,6,3,20,42,1,4,150,23,51,2,5,170,0.00201,0.01438,0.10699,0.02419,0,0
76,373,94,9,326,38,5,2,17,43,1,4,153,21,51,1,5,173,0.00167,0.0127,0.10899,0.02413,0,0
77,375,94,9,330,36,4,3,17,43,1,4,154,19,51,2,5,176,0.00134,0.01204,0.11033,0.024,0,0
78,378,97,9,334,35,6,3,17,43,1,4,155,18,54,2,5,179,0.00201,0.0117,0.11167,0.02381,0,0
79,382,97,10,337,35,3,2,16,43,0,5,158,19,54,2,5,179,0.001,0.01171,0.11271,0.02618,0,0
80,385,97,10,339,36,3,2,15,43,0,5,158,21,54,2,5,181,0.001,0.01204,0.11338,0.02597,0,0
81,387,97,10,345,32,1,1,12,43,0,5,161,20,54,1,5,184,0.00033,0.0107,0.11538,0.02584,0,0
82,388,97,11,350,27,0,0,11,43,0,5,163,16,54,0,6,187,0.0,0.00903,0.1171,0.02835,0,0
83,388,97,11,353,24,0,0,9,43,0,5,165,15,54,0,6,188,0.0,0.00803,0.1181,0.02835,0,0
84,388,97,11,355,22,0,0,8,43,0,5,166,14,54,0,6,189,0.0,0.00736,0.11877,0.02835,0,0
85,388,97,11,357,20,0,2,7,43,1,5,167,13,54,1,6,190,0.0,0.00669,0.11944,0.02835,0,0
86,391,100,11,359,21,3,3,6,44,2,5,169,15,56,1,6,190,0.001,0.00703,0.12011,0.02813,0,0
87,391,101,11,362,18,4,3,5,45,2,5,170,13,56,1,6,192,0.00134,0.00602,0.12111,0.02813,0,0
88,391,102,11,363,17,5,3,5,45,2,5,170,12,57,1,6,193,0.00167,0.00569,0.12145,0.02813,0,0
89,391,102,11,368,12,2,2,4,45,1,5,171,8,57,1,6,197,0.00067,0.00401,0.12312,0.02813,0,0
90,391,104,11,370,10,4,2,3,45,1,5,172,7,59,1,6,198,0.00134,0.00335,0.12379,0.02813,0,0
91,392,104,12,371,9,3,1,2,45,1,5,173,7,59,0,7,198,0.001,0.00301,0.12416,0.03061,0,0
92,392,104,12,373,7,2,1,2,45,1,5,173,5,59,0,7,200,0.00067,0.00234,0.12483,0.03061,0,0
93,393,104,12,374,7,2,1,2,45,1,5,173,5,59,0,7,201,0.00067,0.00234,0.12517,0.03053,0,0
94,394,104,13,374,7,1,0,2,45,0,6,173,5,59,0,7,201,0.00033,0.00234,0.12521,0.03299,0,0
95,394,104,13,375,6,1,1,2,45,0,6,173,4,59,1,7,202,0.00033,0.00201,0.12554,0.03299,0,0
96,395,105,13,375,7,2,1,2,45,0,6,173,5,60,1,7,202,0.00067,0.00234,0.12554,0.03291,0,0
97,396,105,13,375,8,2,1,3,45,0,6,173,5,60,1,7,202,0.00067,0.00268,0.12554,0.03283,0,0
98,396,105,13,376,7,1,1,3,45,0,6,173,4,60,1,7,203,0.00033,0.00234,0.12588,0.03283,0,0
99,397,105,13,378,6,1,1,3,45,0,6,174,3,60,1,7,204,0.00033,0.00201,0.12655,0.03275,0,0
100,398,105,13,378,7,1,1,3,45,0,6,174,4,60,1,7,204,0.00033,0.00234,0.12655,0.03266,0,0
101,398,105,14,378,6,0,0,3,45,0,6,174,3,60,0,8,204,0.0,0.00201,0.12659,0.03518,0,0
102,398,105,14,379,5,0,0,3,45,0,6,174,2,60,0,8,205,0.0,0.00167,0.12693,0.03518,0,0
103,398,105,14,381,3,0,0,2,45,0,6,175,1,60,0,8,206,0.0,0.001,0.1276,0.03518,0,0
104,398,105,14,381,3,0,0,2,45,0,6,175,1,60,0,8,206,0.0,0.001,0.1276,0.03518,0,0
105,398,105,14,381,3,0,1,2,45,0,6,175,1,60,1,8,206,0.0,0.001,0.1276,0.03518,0,0
106,398,106,14,382,2,1,1,1,45,0,6,176,1,61,1,8,206,0.00033,0.00067,0.12793,0.03518,0,0
107,398,106,14,382,2,1,1,1,45,0,6,176,1,61,1,8,206,0.00033,0.00067,0.12793,0.03518,0,0
108,398,106,15,382,1,0,0,1,45,0,6,176,0,61,0,9,206,0.0,0.00034,0.12797,0.03769,0,0
109,398,106,15,382,1,0,0,1,45,0,6,176,0,61,0,9,206,0.0,0.00034,0.12797,0.03769,0,0
110,398,106,15,382,1,0,0,1,45,0,6,176,0,61,0,9,206,0.0,0.00034,0.12797,0.03769,0,0
111,398,106,15,382,1,0,0,1,45,0,6,176,0,61,0,9,206,0.0,0.00034,0.12797,0.03769,0,0
112,398,106,15,382,1,0,0,1,45,0,6,176,0,61,0,9,206,0.0,0.00034,0.12797,0.03769,0,0
113,398,106,15,382,1,0,0,1,45,0,6,176,0,61,0,9,206,0.0,0.00034,0.12797,0.03769,0,0
114,398,106,15,382,1,0,0,1,45,0,6,176,0,61,0,9,206,0.0,0.00034,0.12797,0.03769,0,0
115,398,106,15,383,0,0,0,0,45,0,6,177,0,61,0,9,206,0.0,0.0,0.12831,0.03769,0,0
116,398,106,15,383,0,0,0,0,45,0,6,177,0,61,0,9,206,0.0,0.0,0.12831,0.03769,0,0
117,398,106,15,383,0,0,0,0,45,0,6,177,0,61,0,9,206,0.0,0.0,0.12831,0.03769,0,0
118,398,106,15,383,0,0,0,0,45,0,6,177,0,61,0,9,206,0.0,0.0,0.12831,0.03769,0,0
119,398,106,15,383,0,0,0,0,45,0,6,177,0,61,0,9,206,0.0,0.0,0.12831,0.03769,0,0
120,398,106,15,383,0,0,0,0,45,0,6,177,0,61,0,9,206,0.0,0.0,0.12831,0.03769,0,0
121,398,106,15,383,0,0,0,0,45,0,6,177,0,61,0,9,206,0.0,0.0,0.12831,0.03769,0,0
122,398,106,15,383,0,0,0,0,45,0,6,177,0,61,0,9,206,0.0,0.0,0.12831,0.03769,0,0
123,398,106,15,383,0,0,0,0,45,0,6,177,0,61,0,9,206,0.0,0.0,0.12831,0.03769,0,0
124,398,106,15,383,0,0,0,0,45,0,6,177,0,61,0,9,206,0.0,0.0,0.12831,0.03769,0,0
125,398,106,15,383,0,0,0,0,45,0,6,177,0,61,0,9,206,0.0,0.0,0.12831,0.03769,0,0
126,398,106,15,383,0,0,0,0,45,0,6,177,0,61,0,9,206,0.0,0.0,0.12831,0.03769,0,0
127,398,106,15,383,0,0,0,0,45,0,6,177,0,61,0,9,206,0.0,0.0,0.12831,0.03769,0,0
128,398,106,15,383,0,0,0,0,45,0,6,177,0,61,0,9,206,0.0,0.0,0.12831,0.03769,0,0
129,398,106,15,383,0,0,0,0,45,0,6,177,0,61,0,9,206,0.0,0.0,0.12831,0.03769,0,0
130,398,106,15,383,0,0,0,0,45,0,6,177,0,61,0,9,206,0.0,0.0,0.12831,0.03769,0,0
131,398,106,15,383,0,0,0,0,45,0,6,177,0,61,0,9,206,0.0,0.0,0.12831,0.03769,0,0
132,398,106,15,383,0,0,0,0,45,0,6,177,0,61,0,9,206,0.0,0.0,0.12831,0.03769,0,0
133,398,106,15,383,0,0,0,0,45,0,6,177,0,61,0,9,206,0.0,0.0,0.12831,0.03769,0,0
134,398,106,15,383,0,0,0,0,45,0,6,177,0,61,0,9,206,0.0,0.0,0.12831,0.03769,0,0
135,398,106,15,383,0,0,0,0,45,0,6,177,0,61,0,9,206,0.0,0.0,0.12831,0.03769,0,0
136,398,106,15,383,0,0,0,0,45,0,6,177,0,61,0,9,206,0.0,0.0,0.12831,0.03769,0,0
137,398,106,15,383,0,0,0,0,45,0,6,177,0,61,0,9,206,0.0,0.0,0.12831,0.03769,0,0
138,398,106,15,383,0,0,0,0,45,0,6,177,0,61,0,9,206,0.0,0.0,0.12831,0.03769,0,0
139,398,106,15,383,0,0,0,0,45,0,6,177,0,61,0,9,206,0.0,0.0,0.12831,0.03769,0,0
140,398,106,15,383,0,0,0,0,45,0,6,177,0,61,0,9,206,0.0,0.0,0.12831,0.03769,0,0
141,398,106,15,383,0,0,0,0,45,0,6,177,0,61,0,9,206,0.0,0.0,0.12831,0.03769,0,0
142,398,106,15,383,0,0,0,0,45,0,6,177,0,61,0,9,206,0.0,0.0,0.12831,0.03769,0,0
143,398,106,15,383,0,0,0,0,45,0,6,177,0,61,0,9,206,0.0,0.0,0.12831,0.03769,0,0
144,398,106,15,383,0,0,0,0,45,0,6,177,0,61,0,9,206,0.0,0.0,0.12831,0.03769,0,0
145,398,106,15,383,0,0,0,0,45,0,6,177,0,61,0,9,206,0.0,0.0,0.12831,0.03769,0,0
146,398,106,15,383,0,0,0,0,45,0,6,177,0,61,0,9,206,0.0,0.0,0.12831,0.03769,0,0
147,398,106,15,383,0,0,0,0,45,0,6,177,0,61,0,9,206,0.0,0.0,0.12831,0.03769,0,0
148,398,106,15,383,0,0,0,0,45,0,6,177,0,61,0,9,206,0.0,0.0,0.12831,0.03769,0,0
149,398,106,15,383,0,0,0,0,45,0,6,177,0,61,0,9,206,0.0,0.0,0.12831,0.03769,0,0
150,398,106,15,383,0,0,0,0,45,0,6,177,0,61,0,9,206,0.0,0.0,0.12831,0.03769,0,0
151,398,106,15,383,0,0,0,0,45,0,6,177,0,61,0,9,206,0.0,0.0,0.12831,0.03769,0,0
152,398,106,15,383,0,0,0,0,45,0,6,177,0,61,0,9,206,0.0,0.0,0.12831,0.03769,0,0
153,398,106,15,383,0,0,0,0,45,0,6,177,0,61,0,9,206,0.0,0.0,0.12831,0.03769,0,0
154,398,106,15,383,0,0,0,0,45,0,6,177,0,61,0,9,206,0.0,0.0,0.12831,0.03769,0,0
155,398,106,15,383,0,0,0,0,45,0,6,177,0,61,0,9,206,0.0,0.0,0.12831,0.03769,0,0
156,398,106,15,383,0,0,0,0,45,0,6,177,0,61,0,9,206,0.0,0.0,0.12831,0.03769,0,0
157,398,106,15,383,0,0,0,0,45,0,6,177,0,61,0,9,206,0.0,0.0,0.12831,0.03769,0,0
158,398,106,15,383,0,0,0,0,45,0,6,177,0,61,0,9,206,0.0,0.0,0.12831,0.03769,0,0
159,398,106,15,383,0,0,0,0,45,0,6,177,0,61,0,9,206,0.0,0.0,0.12831,0.03769,0,0
160,398,106,15,383,0,0,0,0,45,0,6,177,0,61,0,9,206,0.0,0.0,0.12831,0.03769,0,0
161,398,106,15,383,0,0,0,0,45,0,6,177,0,61,0,9,206,0.0,0.0,0.12831,0.03769,0,0
162,398,106,15,383,0,0,0,0,45,0,6,177,0,61,0,9,206,0.0,0.0,0.12831,0.03769,0,0
163,398,106,15,383,0,0,0,0,45,0,6,177,0,61,0,9,206,0.0,0.0,0.12831,0.03769,0,0
164,398,106,15,383,0,0,0,0,45,0,6,177,0,61,0,9,206,0.0,0.0,0.12831,0.03769,0,0
165,398,106,15,383,0,0,0,0,45,0,6,177,0,61,0,9,206,0.0,0.0,0.12831,0.03769,0,0
166,398,106,15,383,0,0,0,0,45,0,6,177,0,61,0,9,206,0.0,0.0,0.12831,0.03769,0,0
167,398,106,15,383,0,0,0,0,45,0,6,177,0,61,0,9,206,0.0,0.0,0.12831,0.03769,0,0
168,398,106,15,383,0,0,0,0,45,0,6,177,0,61,0,9,206,0.0,0.0,0.12831,0.03769,0,0
169,398,106,15,383,0,0,0,0,45,0,6,177,0,61,0,9,206,0.0,0.0,0.12831,0.03769,0,0
170,398,106,15,383,0,0,0,0,45,0,6,177,0,61,0,9,206,0.0,0.0,0.12831,0.03769,0,0
171,398,106,15,383,0,0,0,0,45,0,6,177,0,61,0,9,206,0.0,0.0,0.12831,0.03769,0,0
172,398,106,15,383,0,0,0,0,45,0,6,177,0,61,0,9,206,0.0,0.0,0.12831,0.03769,0,0
173,398,106,15,383,0,0,0,0,45,0,6,177,0,61,0,9,206,0.0,0.0,0.12831,0.03769,0,0
174,398,106,15,383,0,0,0,0,45,0,6,177,0,61,0,9,206,0.0,0.0,0.12831,0.03769,0,0
175,398,106,15,383,0,0,0,0,45,0,6,177,0,61,0,9,206,0.0,0.0,0.12831,0.03769,0,0
176,398,106,15,383,0,0,0,0,45,0,6,177,0,61,0,9,206,0.0,0.0,0.12831,0.03769,0,0
177,398,106,15,383,0,0,0,0,45,0,6,177,0,61,0,9,206,0.0,0.0,0.12831,0.03769,0,0
178,398,106,15,383,0,0,0,0,45,0,6,177,0,61,0,9,206,0.0,0.0,0.12831,0.03769,0,0
179,398,106,15,383,0,0,0,0,45,0,6,177,0,61,0,9,206,0.0,0.0,0.12831,0.03769,0,0
180,398,106,15,383,0,0,0,0,45,0,6,177,0,61,0,9,206,0.0,0.0,0.12831,0.03769,0,0
181,398,106,15,383,0,0,0,0,45,0,6,177,0,61,0,9,206,0.0,0.0,0.12831,0.03769,0,0
182,398,106,15,383,0,0,0,0,45,0,6,177,0,61,0,9,206,0.0,0.0,0.12831,0.03769,0,0
183,398,106,15,383,0,0,0,0,45,0,6,177,0,61,0,9,206,0.0,0.0,0.12831,0.03769,0,0
184,398,106,15,383,0,0,0,0,45,0,6,177,0,61,0,9,206,0.0,0.0,0.12831,0.03769,0,0
185,398,106,15,383,0,0,0,0,45,0,6,177,0,61,0,9,206,0.0,0.0,0.12831,0.03769,0,0
186,398,106,15,383,0,0,0,0,45,0,6,177,0,61,0,9,206,0.0,0.0,0.12831,0.03769,0,0
187,398,106,15,383,0,0,0,0,45,0,6,177,0,61,0,9,206,0.0,0.0,0.12831,0.03769,0,0
188,398,106,15,383,0,0,0,0,45,0,6,177,0,61,0,9,206,0.0,0.0,0.12831,0.03769,0,0
189,398,106,15,383,0,0,0,0,45,0,6,177,0,61,0,9,206,0.0,0.0,0.12831,0.03769,0,0
190,398,106,15,383,0,0,0,0,45,0,6,177,0,61,0,9,206,0.0,0.0,0.12831,0.03769,0,0
191,398,106,15,383,0,0,0,0,45,0,6,177,0,61,0,9,206,0.0,0.0,0.12831,0.03769,0,0
192,398,106,15,383,0,0,0,0,45,0,6,177,0,61,0,9,206,0.0,0.0,0.12831,0.03769,0,0
193,398,106,15,383,0,0,0,0,45,0,6,177,0,61,0,9,206,0.0,0.0,0.12831,0.03769,0,0
194,398,106,15,383,0,0,0,0,45,0,6,177,0,61,0,9,206,0.0,0.0,0.12831,0.03769,0,0
195,398,106,15,383,0,0,0,0,45,0,6,177,0,61,0,9,206,0.0,0.0,0.12831,0.03769,0,0
196,398,106,15,383,0,0,0,0,45,0,6,177,0,61,0,9,206,0.0,0.0,0.12831,0.03769,0,0
197,398,106,15,383,0,0,0,0,45,0,6,177,0,61,0,9,206,0.0,0.0,0.12831,0.03769,0,0
198,398,106,15,383,0,0,0,0,45,0,6,177,0,61,0,9,206,0.0,0.0,0.12831,0.03769,0,0
199,398,106,15,383,0,0,0,0,45,0,6,177,0,61,0,9,206,0.0,0.0,0.12831,0.03769,0,0
200,398,106,15,383,0,0,0,0,45,0,6,177,0,61,0,9,206,0.0,0.0,0.12831,0.03769,0,0
201,398,106,15,383,0,0,0,0,45,0,6,177,0,61,0,9,206,0.0,0.0,0.12831,0.03769,0,0
202,398,106,15,383,0,0,0,0,45,0,6,177,0,61,0,9,206,0.0,0.0,0.12831,0.03769,0,0
203,398,106,15,383,0,0,0,0,45,0,6,177,0,61,0,9,206,0.0,0.0,0.12831,0.03769,0,0
204,398,106,15,383,0,0,0,0,45,0,6,177,0,61,0,9,206,0.0,0.0,0.12831,0.03769,0,0
205,398,106,15,383,0,0,0,0,45,0,6,177,0,61,0,9,206,0.0,0.0,0.12831,0.03769,0,0
206,398,106,15,383,0,0,0,0,45,0,6,177,0,61,0,9,206,0.0,0.0,0.12831,0.03769,0,0
207,398,106,15,383,0,0,0,0,45,0,6,177,0,61,0,9,206,0.0,0.0,0.12831,0.03769,0,0
208,398,106,15,383,0,0,0,0,45,0,6,177,0,61,0,9,206,0.0,0.0,0.12831,0.03769,0,0
209,398,106,15,383,0,0,0,0,45,0,6,177,0,61,0,9,206,0.0,0.0,0.12831,0.03769,0,0
210,398,106,15,383,0,0,0,0,45,0,6,177,0,61,0,9,206,0.0,0.0,0.12831,0.03769,0,0
211,398,106,15,383,0,0,0,0,45,0,6,177,0,61,0,9,206,0.0,0.0,0.12831,0.03769,0,0
212,398,106,15,383,0,0,0,0,45,0,6,177,0,61,0,9,206,0.0,0.0,0.12831,0.03769,0,0
213,398,106,15,383,0,0,0,0,45,0,6,177,0,61,0,9,206,0.0,0.0,0.12831,0.03769,0,0
214,398,106,15,383,0,0,0,0,45,0,6,177,0,61,0,9,206,0.0,0.0,0.12831,0.03769,0,0
215,398,106,15,383,0,0,0,0,45,0,6,177,0,61,0,9,206,0.0,0.0,0.12831,0.03769,0,0
216,398,106,15,383,0,0,0,0,45,0,6,177,0,61,0,9,206,0.0,0.0,0.12831,0.03769,0,0
217,398,106,15,383,0,0,0,0,45,0,6,177,0,61,0,9,206,0.0,0.0,0.12831,0.03769,0,0
218,398,106,15,383,0,0,0,0,45,0,6,177,0,61,0,9,206,0.0,0.0,0.12831,0.03769,0,0
219,398,106,15,383,0,0,0,0,45,0,6,177,0,61,0,9,206,0.0,0.0,0.12831,0.03769,0,0
220,398,106,15,383,0,0,0,0,45,0,6,177,0,61,0,9,206,0.0,0.0,0.12831,0.03769,0,0
221,398,106,15,383,0,0,0,0,45,0,6,177,0,61,0,9,206,0.0,0.0,0.12831,0.03769,0,0
222,398,106,15,383,0,0,0,0,45,0,6,177,0,61,0,9,206,0.0,0.0,0.12831,0.03769,0,0
223,398,106,15,383,0,0,0,0,45,0,6,177,0,61,0,9,206,0.0,0.0,0.12831,0.03769,0,0
224,398,106,15,383,0,0,0,0,45,0,6,177,0,61,0,9,206,0.0,0.0,0.12831,0.03769,0,0
225,398,106,15,383,0,0,0,0,45,0,6,177,0,61,0,9,206,0.0,0.0,0.12831,0.03769,0,0
226,398,106,15,383,0,0,0,0,45,0,6,177,0,61,0,9,206,0.0,0.0,0.12831,0.03769,0,0
227,398,106,15,383,0,0,0,0,45,0,6,177,0,61,0,9,206,0.0,0.0,0.12831,0.03769,0,0
228,398,106,15,383,0,0,0,0,45,0,6,177,0,61,0,9,206,0.0,0.0,0.12831,0.03769,0,0
229,398,106,15,383,0,0,0,0,45,0,6,177,0,61,0,9,206,0.0,0.0,0.12831,0.03769,0,0
230,398,106,15,383,0,0,0,0,45,0,6,177,0,61,0,9,206,0.0,0.0,0.12831,0.03769,0,0
231,398,106,15,383,0,0,0,0,45,0,6,177,0,61,0,9,206,0.0,0.0,0.12831,0.03769,0,0
232,398,106,15,383,0,0,0,0,45,0,6,177,0,61,0,9,206,0.0,0.0,0.12831,0.03769,0,0
233,398,106,15,383,0,0,0,0,45,0,6,177,0,61,0,9,206,0.0,0.0,0.12831,0.03769,0,0
234,398,106,15,383,0,0,0,0,45,0,6,177,0,61,0,9,206,0.0,0.0,0.12831,0.03769,0,0
235,398,106,15,383,0,0,0,0,45,0,6,177,0,61,0,9,206,0.0,0.0,0.12831,0.03769,0,0
236,398,106,15,383,0,0,0,0,45,0,6,177,0,61,0,9,206,0.0,0.0,0.12831,0.03769,0,0
237,398,106,15,383,0,0,0,0,45,0,6,177,0,61,0,9,206,0.0,0.0,0.12831,0.03769,0,0
238,398,106,15,383,0,0,0,0,45,0,6,177,0,61,0,9,206,0.0,0.0,0.12831,0.03769,0,0
239,398,106,15,383,0,0,0,0,45,0,6,177,0,61,0,9,206,0.0,0.0,0.12831,0.03769,0,0
240,398,106,15,383,0,0,0,0,45,0,6,177,0,61,0,9,206,0.0,0.0,0.12831,0.03769,0,0
241,398,106,15,383,0,0,0,0,45,0,6,177,0,61,0,9,206,0.0,0.0,0.12831,0.03769,0,0
242,398,106,15,383,0,0,0,0,45,0,6,177,0,61,0,9,206,0.0,0.0,0.12831,0.03769,0,0
243,398,106,15,383,0,0,0,0,45,0,6,177,0,61,0,9,206,0.0,0.0,0.12831,0.03769,0,0
244,398,106,15,383,0,0,0,0,45,0,6,177,0,61,0,9,206,0.0,0.0,0.12831,0.03769,0,0
245,398,106,15,383,0,0,0,0,45,0,6,177,0,61,0,9,206,0.0,0.0,0.12831,0.03769,0,0
246,398,106,15,383,0,0,0,0,45,0,6,177,0,61,0,9,206,0.0,0.0,0.12831,0.03769,0,0
247,398,106,15,383,0,0,0,0,45,0,6,177,0,61,0,9,206,0.0,0.0,0.12831,0.03769,0,0
248,398,106,15,383,0,0,0,0,45,0,6,177,0,61,0,9,206,0.0,0.0,0.12831,0.03769,0,0
249,398,106,15,383,0,0,0,0,45,0,6,177,0,61,0,9,206,0.0,0.0,0.12831,0.03769,0,0
250,398,106,15,383,0,0,0,0,45,0,6,177,0,61,0,9,206,0.0,0.0,0.12831,0.03769,0,0
251,398,106,15,383,0,0,0,0,45,0,6,177,0,61,0,9,206,0.0,0.0,0.12831,0.03769,0,0
252,398,106,15,383,0,0,0,0,45,0,6,177,0,61,0,9,206,0.0,0.0,0.12831,0.03769,0,0
253,398,106,15,383,0,0,0,0,45,0,6,177,0,61,0,9,206,0.0,0.0,0.12831,0.03769,0,0
254,398,106,15,383,0,0,0,0,45,0,6,177,0,61,0,9,206,0.0,0.0,0.12831,0.03769,0,0
255,398,106,15,383,0,0,0,0,45,0,6,177,0,61,0,9,206,0.0,0.0,0.12831,0.03769,0,0
256,398,106,15,383,0,0,0,0,45,0,6,177,0,61,0,9,206,0.0,0.0,0.12831,0.03769,0,0
257,398,106,15,383,0,0,0,0,45,0,6,177,0,61,0,9,206,0.0,0.0,0.12831,0.03769,0,0
258,398,106,15,383,0,0,0,0,45,0,6,177,0,61,0,9,206,0.0,0.0,0.12831,0.03769,0,0
259,398,106,15,383,0,0,0,0,45,0,6,177,0,61,0,9,206,0.0,0.0,0.12831,0.03769,0,0
260,398,106,15,383,0,0,0,0,45,0,6,177,0,61,0,9,206,0.0,0.0,0.12831,0.03769,0,0
261,398,106,15,383,0,0,0,0,45,0,6,177,0,61,0,9,206,0.0,0.0,0.12831,0.03769,0,0
262,398,106,15,383,0,0,0,0,45,0,6,177,0,61,0,9,206,0.0,0.0,0.12831,0.03769,0,0
263,398,106,15,383,0,0,0,0,45,0,6,177,0,61,0,9,206,0.0,0.0,0.12831,0.03769,0,0
264,398,106,15,383,0,0,0,0,45,0,6,177,0,61,0,9,206,0.0,0.0,0.12831,0.03769,0,0
265,398,106,15,383,0,0,0,0,45,0,6,177,0,61,0,9,206,0.0,0.0,0.12831,0.03769,0,0
266,398,106,15,383,0,0,0,0,45,0,6,177,0,61,0,9,206,0.0,0.0,0.12831,0.03769,0,0
267,398,106,15,383,0,0,0,0,45,0,6,177,0,61,0,9,206,0.0,0.0,0.12831,0.03769,0,0
268,398,106,15,383,0,0,0,0,45,0,6,177,0,61,0,9,206,0.0,0.0,0.12831,0.03769,0,0
269,398,106,15,383,0,0,0,0,45,0,6,177,0,61,0,9,206,0.0,0.0,0.12831,0.03769,0,0
270,398,106,15,383,0,0,0,0,45,0,6,177,0,61,0,9,206,0.0,0.0,0.12831,0.03769,0,0
271,398,106,15,383,0,0,0,0,45,0,6,177,0,61,0,9,206,0.0,0.0,0.12831,0.03769,0,0
272,398,106,15,383,0,0,0,0,45,0,6,177,0,61,0,9,206,0.0,0.0,0.12831,0.03769,0,0
273,398,106,15,383,0,0,0,0,45,0,6,177,0,61,0,9,206,0.0,0.0,0.12831,0.03769,0,0
274,398,106,15,383,0,0,0,0,45,0,6,177,0,61,0,9,206,0.0,0.0,0.12831,0.03769,0,0
275,398,106,15,383,0,0,0,0,45,0,6,177,0,61,0,9,206,0.0,0.0,0.12831,0.03769,0,0
276,398,106,15,383,0,0,0,0,45,0,6,177,0,61,0,9,206,0.0,0.0,0.12831,0.03769,0,0
277,398,106,15,383,0,0,0,0,45,0,6,177,0,61,0,9,206,0.0,0.0,0.12831,0.03769,0,0
278,398,106,15,383,0,0,0,0,45,0,6,177,0,61,0,9,206,0.0,0.0,0.12831,0.03769,0,0
279,398,106,15,383,0,0,0,0,45,0,6,177,0,61,0,9,206,0.0,0.0,0.12831,0.03769,0,0
280,398,106,15,383,0,0,0,0,45,0,6,177,0,61,0,9,206,0.0,0.0,0.12831,0.03769,0,0
281,398,106,15,383,0,0,0,0,45,0,6,177,0,61,0,9,206,0.0,0.0,0.12831,0.03769,0,0
282,398,106,15,383,0,0,0,0,45,0,6,177,0,61,0,9,206,0.0,0.0,0.12831,0.03769,0,0
283,398,106,15,383,0,0,0,0,45,0,6,177,0,61,0,9,206,0.0,0.0,0.12831,0.03769,0,0
284,398,106,15,383,0,0,0,0,45,0,6,177,0,61,0,9,206,0.0,0.0,0.12831,0.03769,0,0
285,398,106,15,383,0,0,0,0,45,0,6,177,0,61,0,9,206,0.0,0.0,0.12831,0.03769,0,0
286,398,106,15,383,0,0,0,0,45,0,6,177,0,61,0,9,206,0.0,0.0,0.12831,0.03769,0,0
287,398,106,15,383,0,0,0,0,45,0,6,177,0,61,0,9,206,0.0,0.0,0.12831,0.03769,0,0
288,398,106,15,383,0,0,0,0,45,0,6,177,0,61,0,9,206,0.0,0.0,0.12831,0.03769,0,0
289,398,106,15,383,0,0,0,0,45,0,6,177,0,61,0,9,206,0.0,0.0,0.12831,0.03769,0,0
290,398,106,15,383,0,0,0,0,45,0,6,177,0,61,0,9,206,0.0,0.0,0.12831,0.03769,0,0
291,398,106,15,383,0,0,0,0,45,0,6,177,0,61,0,9,206,0.0,0.0,0.12831,0.03769,0,0
292,398,106,15,383,0,0,0,0,45,0,6,177,0,61,0,9,206,0.0,0.0,0.12831,0.03769,0,0
293,398,106,15,383,0,0,0,0,45,0,6,177,0,61,0,9,206,0.0,0.0,0.12831,0.03769,0,0
294,398,106,15,383,0,0,0,0,45,0,6,177,0,61,0,9,206,0.0,0.0,0.12831,0.03769,0,0
295,398,106,15,383,0,0,0,0,45,0,6,177,0,61,0,9,206,0.0,0.0,0.12831,0.03769,0,0
296,398,106,15,383,0,0,0,0,45,0,6,177,0,61,0,9,206,0.0,0.0,0.12831,0.03769,0,0
297,398,106,15,383,0,0,0,0,45,0,6,177,0,61,0,9,206,0.0,0.0,0.12831,0.03769,0,0
298,398,106,15,383,0,0,0,0,45,0,6,177,0,61,0,9,206,0.0,0.0,0.12831,0.03769,0,0
299,398,106,15,383,0,0,0,0,45,0,6,177,0,61,0,9,206,0.0,0.0,0.12831,0.03769,0,0
300,398,106,15,383,0,0,0,0,45,0,6,177,0,61,0,9,206,0.0,0.0,0.12831,0.03769,0,0
301,398,106,15,383,0,0,0,0,45,0,6,177,0,61,0,9,206,0.0,0.0,0.12831,0.03769,0,0
302,398,106,15,383,0,0,0,0,45,0,6,177,0,61,0,9,206,0.0,0.0,0.12831,0.03769,0,0
303,398,106,15,383,0,0,0,0,45,0,6,177,0,61,0,9,206,0.0,0.0,0.12831,0.03769,0,0
304,398,106,15,383,0,0,0,0,45,0,6,177,0,61,0,9,206,0.0,0.0,0.12831,0.03769,0,0
305,398,106,15,383,0,0,0,0,45,0,6,177,0,61,0,9,206,0.0,0.0,0.12831,0.03769,0,0
306,398,106,15,383,0,0,0,0,45,0,6,177,0,61,0,9,206,0.0,0.0,0.12831,0.03769,0,0
307,398,106,15,383,0,0,0,0,45,0,6,177,0,61,0,9,206,0.0,0.0,0.12831,0.03769,0,0
308,398,106,15,383,0,0,0,0,45,0,6,177,0,61,0,9,206,0.0,0.0,0.12831,0.03769,0,0
309,398,106,15,383,0,0,0,0,45,0,6,177,0,61,0,9,206,0.0,0.0,0.12831,0.03769,0,0
310,398,106,15,383,0,0,0,0,45,0,6,177,0,61,0,9,206,0.0,0.0,0.12831,0.03769,0,0
311,398,106,15,383,0,0,0,0,45,0,6,177,0,61,0,9,206,0.0,0.0,0.12831,0.03769,0,0
312,398,106,15,383,0,0,0,0,45,0,6,177,0,61,0,9,206,0.0,0.0,0.12831,0.03769,0,0
313,398,106,15,383,0,0,0,0,45,0,6,177,0,61,0,9,206,0.0,0.0,0.12831,0.03769,0,0
314,398,106,15,383,0,0,0,0,45,0,6,177,0,61,0,9,206,0.0,0.0,0.12831,0.03769,0,0
315,398,106,15,383,0,0,0,0,45,0,6,177,0,61,0,9,206,0.0,0.0,0.12831,0.03769,0,0
316,398,106,15,383,0,0,0,0,45,0,6,177,0,61,0,9,206,0.0,0.0,0.12831,0.03769,0,0
317,398,106,15,383,0,0,0,0,45,0,6,177,0,61,0,9,206,0.0,0.0,0.12831,0.03769,0,0
318,398,106,15,383,0,0,0,0,45,0,6,177,0,61,0,9,206,0.0,0.0,0.12831,0.03769,0,0
319,398,106,15,383,0,0,0,0,45,0,6,177,0,61,0,9,206,0.0,0.0,0.12831,0.03769,0,0
320,398,106,15,383,0,0,0,0,45,0,6,177,0,61,0,9,206,0.0,0.0,0.12831,0.03769,0,0
321,398,106,15,383,0,0,0,0,45,0,6,177,0,61,0,9,206,0.0,0.0,0.12831,0.03769,0,0
322,398,106,15,383,0,0,0,0,45,0,6,177,0,61,0,9,206,0.0,0.0,0.12831,0.03769,0,0
323,398,106,15,383,0,0,0,0,45,0,6,177,0,61,0,9,206,0.0,0.0,0.12831,0.03769,0,0
324,398,106,15,383,0,0,0,0,45,0,6,177,0,61,0,9,206,0.0,0.0,0.12831,0.03769,0,0
325,398,106,15,383,0,0,0,0,45,0,6,177,0,61,0,9,206,0.0,0.0,0.12831,0.03769,0,0
326,398,106,15,383,0,0,0,0,45,0,6,177,0,61,0,9,206,0.0,0.0,0.12831,0.03769,0,0
327,398,106,15,383,0,0,0,0,45,0,6,177,0,61,0,9,206,0.0,0.0,0.12831,0.03769,0,0
328,398,106,15,383,0,0,0,0,45,0,6,177,0,61,0,9,206,0.0,0.0,0.12831,0.03769,0,0
329,398,106,15,383,0,0,0,0,45,0,6,177,0,61,0,9,206,0.0,0.0,0.12831,0.03769,0,0
330,398,106,15,383,0,0,0,0,45,0,6,177,0,61,0,9,206,0.0,0.0,0.12831,0.03769,0,0
331,398,106,15,383,0,0,0,0,45,0,6,177,0,61,0,9,206,0.0,0.0,0.12831,0.03769,0,0
332,398,106,15,383,0,0,0,0,45,0,6,177,0,61,0,9,206,0.0,0.0,0.12831,0.03769,0,0
333,398,106,15,383,0,0,0,0,45,0,6,177,0,61,0,9,206,0.0,0.0,0.12831,0.03769,0,0
334,398,106,15,383,0,0,0,0,45,0,6,177,0,61,0,9,206,0.0,0.0,0.12831,0.03769,0,0
335,398,106,15,383,0,0,0,0,45,0,6,177,0,61,0,9,206,0.0,0.0,0.12831,0.03769,0,0
336,398,106,15,383,0,0,0,0,45,0,6,177,0,61,0,9,206,0.0,0.0,0.12831,0.03769,0,0
337,398,106,15,383,0,0,0,0,45,0,6,177,0,61,0,9,206,0.0,0.0,0.12831,0.03769,0,0
338,398,106,15,383,0,0,0,0,45,0,6,177,0,61,0,9,206,0.0,0.0,0.12831,0.03769,0,0
339,398,106,15,383,0,0,0,0,45,0,6,177,0,61,0,9,206,0.0,0.0,0.12831,0.03769,0,0
340,398,106,15,383,0,0,0,0,45,0,6,177,0,61,0,9,206,0.0,0.0,0.12831,0.03769,0,0
341,398,106,15,383,0,0,0,0,45,0,6,177,0,61,0,9,206,0.0,0.0,0.12831,0.03769,0,0
342,398,106,15,383,0,0,0,0,45,0,6,177,0,61,0,9,206,0.0,0.0,0.12831,0.03769,0,0
343,398,106,15,383,0,0,0,0,45,0,6,177,0,61,0,9,206,0.0,0.0,0.12831,0.03769,0,0
344,398,106,15,383,0,0,0,0,45,0,6,177,0,61,0,9,206,0.0,0.0,0.12831,0.03769,0,0
345,398,106,15,383,0,0,0,0,45,0,6,177,0,61,0,9,206,0.0,0.0,0.12831,0.03769,0,0
346,398,106,15,383,0,0,0,0,45,0,6,177,0,61,0,9,206,0.0,0.0,0.12831,0.03769,0,0
347,398,106,15,383,0,0,0,0,45,0,6,177,0,61,0,9,206,0.0,0.0,0.12831,0.03769,0,0
348,398,106,15,383,0,0,0,0,45,0,6,177,0,61,0,9,206,0.0,0.0,0.12831,0.03769,0,0
349,398,106,15,383,0,0,0,0,45,0,6,177,0,61,0,9,206,0.0,0.0,0.12831,0.03769,0,0
350,398,106,15,383,0,0,0,0,45,0,6,177,0,61,0,9,206,0.0,0.0,0.12831,0.03769,0,0
351,398,106,15,383,0,0,0,0,45,0,6,177,0,61,0,9,206,0.0,0.0,0.12831,0.03769,0,0
352,398,106,15,383,0,0,0,0,45,0,6,177,0,61,0,9,206,0.0,0.0,0.12831,0.03769,0,0
353,398,106,15,383,0,0,0,0,45,0,6,177,0,61,0,9,206,0.0,0.0,0.12831,0.03769,0,0
354,398,106,15,383,0,0,0,0,45,0,6,177,0,61,0,9,206,0.0,0.0,0.12831,0.03769,0,0
355,398,106,15,383,0,0,0,0,45,0,6,177,0,61,0,9,206,0.0,0.0,0.12831,0.03769,0,0
356,398,106,15,383,0,0,0,0,45,0,6,177,0,61,0,9,206,0.0,0.0,0.12831,0.03769,0,0
357,398,106,15,383,0,0,0,0,45,0,6,177,0,61,0,9,206,0.0,0.0,0.12831,0.03769,0,0
358,398,106,15,383,0,0,0,0,45,0,6,177,0,61,0,9,206,0.0,0.0,0.12831,0.03769,0,0
359,398,106,15,383,0,0,0,0,45,0,6,177,0,61,0,9,206,0.0,0.0,0.12831,0.03769,0,0
360,398,106,15,383,0,0,0,0,45,0,6,177,0,61,0,9,206,0.0,0.0,0.12831,0.03769,0,0
