Day,Total infected,Total tested,Total deaths,Total recovered,Infected,Actual tested,In treatment,Infected in A,Tested in A,In treatment in A,Deaths in A,Recovered in A,Infected in B,Tested in B,In treatment in B,Deaths in B,Recovered in B,Known infected %,Infected population %,Population immunity %,Death rate,Total isolated,Isolated
1,5,0,0,0,5,0,0,5,0,0,0,0,0,0,0,0,0,0.0,0.001,0.0,0.0,0,0
2,7,0,0,0,7,0,0,6,0,0,0,0,1,0,0,0,0,0.0,0.0014,0.0,0.0,0,0
3,8,0,0,0,8,0,0,7,0,0,0,0,1,0,0,0,0,0.0,0.0016,0.0,0.0,0,0
4,9,0,0,0,9,0,0,7,0,0,0,0,2,0,0,0,0,0.0,0.0018,0.0,0.0,0,0
5,10,0,0,0,10,0,0,8,0,0,0,0,2,0,0,0,0,0.0,0.002,0.0,0.0,0,0
6,10,0,0,0,10,0,1,8,0,1,0,0,2,0,0,0,0,0.0,0.002,0.0,0.0,0,0
7,12,1,0,0,12,1,1,9,1,1,0,0,3,0,0,0,0,0.0002,0.0024,0.0,0.0,0,0
8,15,1,0,0,15,1,2,11,1,1,0,0,4,0,1,0,0,0.0002,0.003,0.0,0.0,0,0
9,17,3,0,3,14,3,2,9,2,1,0,3,5,1,1,0,0,0.0006,0.0028,0.0006,0.0,0,0
10,22,3,0,3,19,3,2,13,2,1,0,3,6,1,1,0,0,0.0006,0.0038,0.0006,0.0,0,0
11,24,5,0,6,18,3,1,15,4,0,0,6,3,1,1,0,0,0.0006,0.0036,0.0012,0.0,0,0
12,26,5,0,6,20,3,1,17,4,0,0,6,3,1,1,0,0,0.0006,0.004,0.0012,0.0,0,0
13,29,7,0,7,22,5,1,18,6,0,0,7,4,1,1,0,0,0.001,0.0044,0.0014,0.0,0,0
14,33,7,0,8,25,5,1,21,6,0,0,8,4,1,1,0,0,0.001,0.005,0.0016,0.0,0,0
15,35,7,1,9,25,4,0,22,6,0,0,9,3,1,0,1,0,0.0008,0.005,0.0018,0.02857,0,0
16,42,9,1,10,31,6,1,26,7,1,0,10,5,2,0,1,0,0.0012,0.0062,0.002,0.02381,0,0
17,54,10,1,11,42,6,1,36,8,1,0,11,6,2,0,1,0,0.0012,0.0084,0.0022,0.01852,0,0
18,60,10,1,15,44,4,1,38,8,1,0,13,6,2,0,1,2,0.0008,0.0088,0.003,0.01667,0,0
19,68,10,1,17,50,3,2,43,8,2,0,15,7,2,0,1,2,0.0006,0.01,0.0034,0.01471,0,0
20,76,12,1,19,56,5,3,45,10,3,0,17,11,2,0,1,2,0.001,0.0112,0.0038,0.01316,0,0
21,82,14,1,19,62,7,5,49,12,5,0,17,13,2,0,1,2,0.0014,0.0124,0.0038,0.0122,0,0
22,88,17,1,24,63,9,6,49,14,6,0,22,14,3,0,1,2,0.0018,0.0126,0.0048,0.01136,0,0
23,98,18,2,27,69,8,4,54,15,4,1,24,15,3,0,1,3,0.0016,0.01381,0.0054,0.02041,0,0
24,115,18,2,29,84,7,6,67,15,6,1,24,17,3,0,1,5,0.0014,0.01681,0.0058,0.01739,0,0
25,125,20,2,31,92,7,7,73,17,7,1,26,19,3,0,1,5,0.0014,0.01841,0.0062,0.016,0,0
26,140,23,2,37,101,7,7,81,19,6,1,30,20,4,1,1,7,0.0014,0.02021,0.0074,0.01429,0,0
27,165,28,2,46,117,9,6,91,23,5,1,37,26,5,1,1,9,0.0018,0.02341,0.0092,0.01212,0,0
28,170,28,2,55,113,7,7,86,23,6,1,43,27,5,1,1,12,0.0014,0.02261,0.011,0.01176,0,0
29,184,31,2,61,121,9,9,89,26,7,1,48,32,5,2,1,13,0.0018,0.02421,0.0122,0.01087,0,0
30,190,34,3,66,121,10,8,87,28,6,2,53,34,6,2,1,13,0.002,0.02421,0.01321,0.01579,0,0
31,200,39,4,76,120,11,13,85,32,11,2,61,35,7,2,2,15,0.0022,0.02402,0.01521,0.02,0,0
32,209,49,4,82,123,20,14,87,39,11,2,66,36,10,3,2,16,0.004,0.02462,0.01641,0.01914,0,0
33,215,53,5,90,120,19,14,87,41,12,3,70,33,12,2,2,20,0.0038,0.02402,0.01802,0.02326,0,0
34,221,59,5,100,116,22,15,87,45,12,3,76,29,14,3,2,24,0.0044,0.02322,0.02002,0.02262,0,0
35,232,62,6,113,113,21,14,83,46,10,4,85,30,16,4,2,28,0.00421,0.02263,0.02263,0.02586,0,0
36,240,67,7,127,106,21,11,78,50,8,4,95,28,17,3,3,32,0.00421,0.02123,0.02544,0.02917,0,0
37,245,68,7,137,101,17,10,76,51,7,4,102,25,17,3,3,35,0.0034,0.02023,0.02744,0.02857,0,0
38,252,69,7,148,97,16,9,73,52,6,4,109,24,17,3,3,39,0.0032,0.01943,0.02964,0.02778,0,0
39,259,70,8,161,90,14,9,70,53,6,5,116,20,17,3,3,45,0.0028,0.01803,0.03225,0.03089,0,0
40,263,72,9,173,81,12,6,63,55,5,5,125,18,17,1,4,48,0.0024,0.01623,0.03466,0.03422,0,0
41,273,74,9,181,83,12,6,65,56,6,5,131,18,18,0,4,50,0.0024,0.01663,0.03627,0.03297,0,0
42,279,76,9,192,78,9,4,58,57,4,5,141,20,19,0,4,51,0.0018,0.01563,0.03847,0.03226,0,0
43,284,78,9,199,76,10,6,57,59,5,5,146,19,19,1,4,53,0.002,0.01523,0.03987,0.03169,0,0
44,290,80,9,207,74,10,6,55,60,5,5,153,19,20,1,4,54,0.002,0.01483,0.04147,0.03103,0,0
45,296,82,9,210,77,10,5,54,62,4,5,156,23,20,1,4,54,0.002,0.01543,0.04208,0.03041,0,0
46,302,82,9,217,76,9,4,55,62,3,5,161,21,20,1,4,56,0.0018,0.01523,0.04348,0.0298,0,0
47,306,82,9,229,68,8,4,48,62,3,5,170,20,20,1,4,59,0.0016,0.01362,0.04588,0.02941,0,0
48,313,84,9,242,62,5,1,47,64,1,5,177,15,20,0,4,65,0.001,0.01242,0.04849,0.02875,0,0
49,313,84,9,247,57,4,2,43,64,2,5,181,14,20,0,4,66,0.0008,0.01142,0.04949,0.02875,0,0
50,317,87,9,255,53,5,2,38,67,2,5,188,15,20,0,4,67,0.001,0.01062,0.05109,0.02839,0,0
51,319,90,9,259,51,8,3,38,70,3,5,190,13,20,0,4,69,0.0016,0.01022,0.05189,0.02821,0,0
52,321,90,9,268,44,7,4,34,70,4,5,196,10,20,0,4,72,0.0014,0.00882,0.0537,0.02804,0,0
53,326,91,9,269,48,7,5,37,71,5,5,197,11,20,0,4,72,0.0014,0.00962,0.0539,0.02761,0,0
54,330,93,9,274,47,8,6,36,73,5,5,201,11,20,1,4,73,0.0016,0.00942,0.0549,0.02727,0,0
55,332,98,9,284,39,12,6,29,75,5,5,209,10,23,1,4,75,0.0024,0.00781,0.0569,0.02711,0,0
56,336,99,9,289,38,10,3,27,76,2,5,213,11,23,1,4,76,0.002,0.00761,0.0579,0.02679,0,0
57,340,99,9,291,40,9,4,29,76,3,5,214,11,23,1,4,77,0.0018,0.00801,0.0583,0.02647,0,0
58,344,100,10,296,38,6,3,25,77,2,6,218,13,23,1,4,78,0.0012,0.00762,0.05932,0.02907,0,0
59,346,101,10,303,33,5,3,22,78,3,6,222,11,23,0,4,81,0.001,0.00661,0.06072,0.0289,0,0
60,349,102,10,304,35,6,5,23,79,3,6,223,12,23,2,4,81,0.0012,0.00701,0.06092,0.02865,0,0
61,353,104,10,306,37,7,5,26,79,3,6,223,11,25,2,4,83,0.0014,0.00741,0.06132,0.02833,0,0
62,354,105,11,308,35,6,4,25,80,2,6,225,10,25,2,5,83,0.0012,0.00702,0.06174,0.03107,0,0
63,356,106,12,309,35,5,3,25,80,2,6,226,10,26,1,6,83,0.001,0.00702,0.06195,0.03371,0,0
64,357,107,13,312,32,4,2,22,81,1,7,228,10,26,1,6,84,0.0008,0.00642,0.06256,0.03641,0,0
65,359,108,13,317,29,3,1,21,82,1,7,231,8,26,0,6,86,0.0006,0.00582,0.06357,0.03621,0,0
66,359,108,13,320,26,3,1,19,82,1,7,233,7,26,0,6,87,0.0006,0.00521,0.06417,0.03621,0,0
67,359,108,14,325,20,1,1,14,82,1,8,237,6,26,0,6,88,0.0002,0.00401,0.06518,0.039,0,0
68,361,109,14,325,22,2,1,16,83,1,8,237,6,26,0,6,88,0.0004,0.00441,0.06518,0.03878,0,0
69,364,109,14,329,21,2,1,16,83,1,8,239,5,26,0,6,90,0.0004,0.00421,0.06598,0.03846,0,0
70,365,110,14,331,20,2,1,15,84,1,8,241,5,26,0,6,90,0.0004,0.00401,0.06639,0.03836,0,0
71,365,111,14,335,16,3,3,12,84,2,8,244,4,27,1,6,91,0.0006,0.00321,0.06719,0.03836,0,0
72,366,113,14,337,15,4,3,11,85,2,8,246,4,28,1,6,91,0.0008,0.00301,0.06759,0.03825,0,0
73,367,113,14,340,13,3,3,10,85,2,8,248,3,28,1,6,92,0.0006,0.00261,0.06819,0.03815,0,0
74,370,113,14,341,15,3,3,10,85,2,8,249,5,28,1,6,92,0.0006,0.00301,0.06839,0.03784,0,0
75,372,113,14,343,15,2,2,12,85,2,8,249,3,28,0,6,94,0.0004,0.00301,0.06879,0.03763,0,0
76,373,113,14,344,15,1,1,11,85,1,8,250,4,28,0,6,94,0.0002,0.00301,0.06899,0.03753,0,0
77,375,113,14,345,16,1,1,12,85,1,8,251,4,28,0,6,94,0.0002,0.00321,0.06919,0.03733,0,0
78,377,113,14,345,18,1,1,14,85,1,8,251,4,28,0,6,94,0.0002,0.00361,0.06919,0.03714,0,0
79,380,113,14,346,20,1,1,16,85,1,8,252,4,28,0,6,94,0.0002,0.00401,0.06939,0.03684,0,0
80,382,113,14,346,22,1,1,17,85,1,8,252,5,28,0,6,94,0.0002,0.00441,0.06939,0.03665,0,0
81,382,113,14,349,19,0,0,15,85,0,8,254,4,28,0,6,95,0.0,0.00381,0.07,0.03665,0,0
82,386,113,14,350,22,0,1,18,85,1,8,255,4,28,0,6,95,0.0,0.00441,0.0702,0.03627,0,0
83,387,115,14,353,20,2,1,19,87,1,8,255,1,28,0,6,98,0.0004,0.00401,0.0708,0.03618,0,0
84,387,115,14,354,19,2,1,18,87,1,8,256,1,28,0,6,98,0.0004,0.00381,0.071,0.03618,0,0
85,387,116,14,354,19,3,1,18,88,1,8,256,1,28,0,6,98,0.0006,0.00381,0.071,0.03618,0,0
86,390,116,14,358,18,1,0,17,88,0,8,260,1,28,0,6,98,0.0002,0.00361,0.0718,0.0359,0,0
87,391,116,14,359,18,1,1,17,88,1,8,261,1,28,0,6,98,0.0002,0.00361,0.072,0.03581,0,0
88,394,117,14,360,20,1,1,19,89,1,8,262,1,28,0,6,98,0.0002,0.00401,0.0722,0.03553,0,0
89,395,118,14,361,20,2,1,19,90,1,8,262,1,28,0,6,99,0.0004,0.00401,0.0724,0.03544,0,0
90,399,119,14,364,21,3,1,20,91,1,8,265,1,28,0,6,99,0.0006,0.00421,0.073,0.03509,0,0
91,399,120,14,368,17,4,3,16,91,3,8,269,1,29,0,6,99,0.0008,0.00341,0.07381,0.03509,0,0
92,399,122,14,368,17,6,4,16,93,4,8,269,1,29,0,6,99,0.0012,0.00341,0.07381,0.03509,0,0
93,399,123,14,372,13,5,3,13,94,3,8,272,0,29,0,6,100,0.001,0.00261,0.07461,0.03509,0,0
94,401,123,14,374,13,4,2,13,94,2,8,274,0,29,0,6,100,0.0008,0.00261,0.07501,0.03491,0,0
95,402,124,14,374,14,5,2,14,95,2,8,274,0,29,0,6,100,0.001,0.00281,0.07501,0.03483,0,0
96,405,124,14,375,16,5,2,16,95,2,8,275,0,29,0,6,100,0.001,0.00321,0.07521,0.03457,0,0
97,406,124,14,379,13,2,1,13,95,1,8,279,0,29,0,6,100,0.0004,0.00261,0.07601,0.03448,0,0
98,406,124,14,381,11,1,1,11,95,1,8,281,0,29,0,6,100,0.0002,0.00221,0.07641,0.03448,0,0
99,406,124,14,382,10,0,0,10,95,0,8,282,0,29,0,6,100,0.0,0.00201,0.07661,0.03448,0,0
100,407,124,14,382,11,0,0,11,95,0,8,282,0,29,0,6,100,0.0,0.00221,0.07661,0.0344,0,0
101,407,124,14,384,9,0,0,9,95,0,8,284,0,29,0,6,100,0.0,0.00181,0.07702,0.0344,0,0
102,407,124,14,384,9,0,0,9,95,0,8,284,0,29,0,6,100,0.0,0.00181,0.07702,0.0344,0,0
103,407,124,14,385,8,0,0,8,95,0,8,285,0,29,0,6,100,0.0,0.0016,0.07722,0.0344,0,0
104,408,124,14,387,7,0,0,7,95,0,8,287,0,29,0,6,100,0.0,0.0014,0.07762,0.03431,0,0
105,409,124,14,387,8,0,0,8,95,0,8,287,0,29,0,6,100,0.0,0.0016,0.07762,0.03423,0,0
106,409,125,14,389,6,1,0,6,96,0,8,289,0,29,0,6,100,0.0002,0.0012,0.07802,0.03423,0,0
107,409,125,14,390,5,1,0,5,96,0,8,290,0,29,0,6,100,0.0002,0.001,0.07822,0.03423,0,0
108,410,125,14,390,6,1,0,6,96,0,8,290,0,29,0,6,100,0.0002,0.0012,0.07822,0.03415,0,0
109,410,125,14,393,3,0,0,3,96,0,8,292,0,29,0,6,101,0.0,0.0006,0.07882,0.03415,0,0
110,411,125,14,393,4,0,0,4,96,0,8,292,0,29,0,6,101,0.0,0.0008,0.07882,0.03406,0,0
111,411,125,14,393,4,0,0,4,96,0,8,292,0,29,0,6,101,0.0,0.0008,0.07882,0.03406,0,0
112,411,125,14,393,4,0,0,4,96,0,8,292,0,29,0,6,101,0.0,0.0008,0.07882,0.03406,0,0
113,411,125,14,393,4,0,1,4,96,1,8,292,0,29,0,6,101,0.0,0.0008,0.07882,0.03406,0,0
114,411,126,14,393,4,1,2,4,97,2,8,292,0,29,0,6,101,0.0002,0.0008,0.07882,0.03406,0,0
115,411,127,14,393,4,2,2,4,98,2,8,292,0,29,0,6,101,0.0004,0.0008,0.07882,0.03406,0,0
116,412,127,14,393,5,2,2,5,98,2,8,292,0,29,0,6,101,0.0004,0.001,0.07882,0.03398,0,0
117,412,128,14,393,5,3,2,5,99,2,8,292,0,29,0,6,101,0.0006,0.001,0.07882,0.03398,0,0
118,412,128,14,393,5,3,2,5,99,2,8,292,0,29,0,6,101,0.0006,0.001,0.07882,0.03398,0,0
119,414,128,14,393,7,3,2,7,99,2,8,292,0,29,0,6,101,0.0006,0.0014,0.07882,0.03382,0,0
120,414,128,15,394,5,2,1,5,99,1,9,293,0,29,0,6,101,0.0004,0.001,0.07904,0.03623,0,0
121,414,128,15,395,4,1,1,4,99,1,9,294,0,29,0,6,101,0.0002,0.0008,0.07924,0.03623,0,0
122,415,128,15,396,4,0,0,4,99,0,9,295,0,29,0,6,101,0.0,0.0008,0.07944,0.03614,0,0
123,416,128,15,396,5,0,0,5,99,0,9,295,0,29,0,6,101,0.0,0.001,0.07944,0.03606,0,0
124,416,128,15,397,4,0,0,4,99,0,9,296,0,29,0,6,101,0.0,0.0008,0.07964,0.03606,0,0
125,416,129,15,397,4,1,0,4,100,0,9,296,0,29,0,6,101,0.0002,0.0008,0.07964,0.03606,0,0
126,417,129,15,397,5,1,0,5,100,0,9,296,0,29,0,6,101,0.0002,0.001,0.07964,0.03597,0,0
127,418,129,15,397,6,1,0,6,100,0,9,296,0,29,0,6,101,0.0002,0.0012,0.07964,0.03589,0,0
128,420,129,15,397,8,1,0,8,100,0,9,296,0,29,0,6,101,0.0002,0.0016,0.07964,0.03571,0,0
129,420,129,15,398,7,0,0,7,100,0,9,297,0,29,0,6,101,0.0,0.0014,0.07984,0.03571,0,0
130,420,129,15,398,7,0,0,7,100,0,9,297,0,29,0,6,101,0.0,0.0014,0.07984,0.03571,0,0
131,421,129,15,399,7,0,0,7,100,0,9,298,0,29,0,6,101,0.0,0.0014,0.08004,0.03563,0,0
132,421,129,15,399,7,0,1,7,100,1,9,298,0,29,0,6,101,0.0,0.0014,0.08004,0.03563,0,0
133,422,130,15,399,8,1,1,8,101,1,9,298,0,29,0,6,101,0.0002,0.0016,0.08004,0.03555,0,0
134,423,130,15,401,7,0,0,7,101,0,9,300,0,29,0,6,101,0.0,0.0014,0.08044,0.03546,0,0
135,423,130,15,401,7,0,0,7,101,0,9,300,0,29,0,6,101,0.0,0.0014,0.08044,0.03546,0,0
136,423,130,15,403,5,0,0,4,101,0,9,301,1,29,0,6,102,0.0,0.001,0.08084,0.03546,0,0
137,423,130,15,404,4,0,0,3,101,0,9,302,1,29,0,6,102,0.0,0.0008,0.08104,0.03546,0,0
138,423,130,15,404,4,0,0,3,101,0,9,302,1,29,0,6,102,0.0,0.0008,0.08104,0.03546,0,0
139,424,130,15,404,5,0,0,4,101,0,9,302,1,29,0,6,102,0.0,0.001,0.08104,0.03538,0,0
140,424,130,15,404,5,0,0,4,101,0,9,302,1,29,0,6,102,0.0,0.001,0.08104,0.03538,0,0
141,424,130,15,406,3,0,0,2,101,0,9,304,1,29,0,6,102,0.0,0.0006,0.08144,0.03538,0,0
142,424,130,15,407,2,0,0,2,101,0,9,304,0,29,0,6,103,0.0,0.0004,0.08164,0.03538,0,0
143,424,130,15,407,2,0,1,2,101,1,9,304,0,29,0,6,103,0.0,0.0004,0.08164,0.03538,0,0
144,425,131,15,407,3,1,1,3,102,1,9,304,0,29,0,6,103,0.0002,0.0006,0.08164,0.03529,0,0
145,426,131,15,407,4,1,1,4,102,1,9,304,0,29,0,6,103,0.0002,0.0008,0.08164,0.03521,0,0
146,426,131,15,409,2,0,0,2,102,0,9,306,0,29,0,6,103,0.0,0.0004,0.08205,0.03521,0,0
147,426,131,15,409,2,0,0,2,102,0,9,306,0,29,0,6,103,0.0,0.0004,0.08205,0.03521,0,0
148,426,131,15,409,2,0,0,2,102,0,9,306,0,29,0,6,103,0.0,0.0004,0.08205,0.03521,0,0
149,426,131,15,409,2,0,0,2,102,0,9,306,0,29,0,6,103,0.0,0.0004,0.08205,0.03521,0,0
150,426,131,15,409,2,0,0,2,102,0,9,306,0,29,0,6,103,0.0,0.0004,0.08205,0.03521,0,0
151,426,131,15,409,2,0,0,2,102,0,9,306,0,29,0,6,103,0.0,0.0004,0.08205,0.03521,0,0
152,426,131,15,409,2,0,0,2,102,0,9,306,0,29,0,6,103,0.0,0.0004,0.08205,0.03521,0,0
153,427,131,15,409,3,0,0,3,102,0,9,306,0,29,0,6,103,0.0,0.0006,0.08205,0.03513,0,0
154,427,131,15,410,2,0,0,1,102,0,9,306,1,29,0,6,104,0.0,0.0004,0.08225,0.03513,0,0
155,428,131,15,411,2,0,0,1,102,0,9,307,1,29,0,6,104,0.0,0.0004,0.08245,0.03505,0,0
156,429,131,15,411,3,0,0,1,102,0,9,307,2,29,0,6,104,0.0,0.0006,0.08245,0.03497,0,0
157,429,131,15,411,3,0,0,1,102,0,9,307,2,29,0,6,104,0.0,0.0006,0.08245,0.03497,0,0
158,430,131,15,411,4,0,0,2,102,0,9,307,2,29,0,6,104,0.0,0.0008,0.08245,0.03488,0,0
159,430,131,15,411,4,0,0,3,102,0,9,307,1,29,0,6,104,0.0,0.0008,0.08245,0.03488,0,0
160,430,131,15,412,3,0,0,3,102,0,9,307,0,29,0,6,105,0.0,0.0006,0.08265,0.03488,0,0
161,430,131,15,412,3,0,0,3,102,0,9,307,0,29,0,6,105,0.0,0.0006,0.08265,0.03488,0,0
162,430,131,15,412,3,0,0,3,102,0,9,307,0,29,0,6,105,0.0,0.0006,0.08265,0.03488,0,0
163,431,131,15,412,4,0,0,4,102,0,9,307,0,29,0,6,105,0.0,0.0008,0.08265,0.0348,0,0
164,432,131,15,412,5,0,0,5,102,0,9,307,0,29,0,6,105,0.0,0.001,0.08265,0.03472,0,0
165,434,131,15,413,6,0,0,6,102,0,9,308,0,29,0,6,105,0.0,0.0012,0.08285,0.03456,0,0
166,436,131,15,413,8,0,0,8,102,0,9,308,0,29,0,6,105,0.0,0.0016,0.08285,0.0344,0,0
167,438,131,15,414,9,0,0,9,102,0,9,309,0,29,0,6,105,0.0,0.00181,0.08305,0.03425,0,0
168,440,131,15,414,11,0,0,11,102,0,9,309,0,29,0,6,105,0.0,0.00221,0.08305,0.03409,0,0
169,441,131,15,414,12,0,2,12,102,2,9,309,0,29,0,6,105,0.0,0.00241,0.08305,0.03401,0,0
170,443,133,15,414,14,2,3,14,104,3,9,309,0,29,0,6,105,0.0004,0.00281,0.08305,0.03386,0,0
171,447,134,15,414,18,3,3,18,105,3,9,309,0,29,0,6,105,0.0006,0.00361,0.08305,0.03356,0,0
172,453,134,15,415,23,3,3,23,105,3,9,310,0,29,0,6,105,0.0006,0.00461,0.08325,0.03311,0,0
173,457,134,15,416,26,2,4,26,105,4,9,311,0,29,0,6,105,0.0004,0.00522,0.08345,0.03282,0,0
174,458,137,15,416,27,5,4,27,108,4,9,311,0,29,0,6,105,0.001,0.00542,0.08345,0.03275,0,0
175,461,137,15,417,29,4,4,29,108,4,9,312,0,29,0,6,105,0.0008,0.00582,0.08365,0.03254,0,0
176,465,138,15,417,33,5,4,33,109,4,9,312,0,29,0,6,105,0.001,0.00662,0.08365,0.03226,0,0
177,470,138,15,421,34,4,3,34,109,3,9,316,0,29,0,6,105,0.0008,0.00682,0.08445,0.03191,0,0
178,475,138,16,421,38,3,3,37,109,3,10,316,1,29,0,6,105,0.0006,0.00762,0.08447,0.03368,0,0
179,482,139,16,425,41,3,3,38,110,3,10,320,3,29,0,6,105,0.0006,0.00823,0.08527,0.0332,0,0
180,484,141,16,426,42,4,2,39,112,2,10,321,3,29,0,6,105,0.0008,0.00843,0.08547,0.03306,0,0
181,490,141,16,427,47,4,3,42,112,2,10,321,5,29,1,6,106,0.0008,0.00943,0.08567,0.03265,0,0
182,493,142,16,432,45,5,3,42,112,2,10,324,3,30,1,6,108,0.001,0.00903,0.08668,0.03245,0,0
183,504,142,16,435,53,3,4,48,112,3,10,327,5,30,1,6,108,0.0006,0.01063,0.08728,0.03175,0,0
184,513,144,16,443,54,5,4,48,114,3,10,335,6,30,1,6,108,0.001,0.01083,0.08888,0.03119,0,0
185,522,145,16,444,62,6,5,56,115,4,10,336,6,30,1,6,108,0.0012,0.01244,0.08909,0.03065,0,0
186,536,147,16,449,71,7,5,62,117,3,10,339,9,30,2,6,110,0.0014,0.01425,0.09009,0.02985,0,0
187,542,149,17,451,74,7,4,64,118,2,11,341,10,31,2,6,110,0.0014,0.01485,0.09051,0.03137,0,0
188,553,150,17,454,82,8,4,71,119,2,11,344,11,31,2,6,110,0.00161,0.01646,0.09111,0.03074,0,0
189,565,154,17,459,89,11,6,80,122,5,11,347,9,32,1,6,112,0.00221,0.01786,0.09211,0.03009,0,0
190,578,159,17,465,96,15,6,86,127,6,11,352,10,32,0,6,113,0.00301,0.01927,0.09332,0.02941,0,0
191,588,163,18,472,98,15,6,85,131,6,12,358,13,32,0,6,114,0.00301,0.01967,0.09474,0.03061,0,0
192,601,164,18,480,103,14,7,90,132,7,12,364,13,32,0,6,116,0.00281,0.02067,0.09635,0.02995,0,0
193,610,170,18,489,103,16,6,89,137,6,12,373,14,33,0,6,116,0.00321,0.02067,0.09815,0.02951,0,0
194,624,170,18,495,111,13,8,99,137,8,12,375,12,33,0,6,120,0.00261,0.02228,0.09936,0.02885,0,0
195,639,171,18,502,119,12,8,106,138,8,12,381,13,33,0,6,121,0.00241,0.02389,0.10076,0.02817,0,0
196,658,173,18,512,128,10,7,111,140,7,12,391,17,33,0,6,121,0.00201,0.02569,0.10277,0.02736,0,0
197,680,176,18,526,136,10,6,114,143,5,12,404,22,33,1,6,122,0.00201,0.0273,0.10558,0.02647,0,0
198,698,179,18,531,149,13,10,123,145,9,12,408,26,34,1,6,123,0.00261,0.02991,0.10658,0.02579,0,0
199,726,185,18,539,169,18,10,145,151,9,12,412,24,34,1,6,127,0.00361,0.03392,0.10819,0.02479,0,0
200,741,189,18,547,176,19,11,149,155,9,12,419,27,34,2,6,128,0.00381,0.03533,0.1098,0.02429,0,0
201,762,194,18,560,184,20,13,154,159,11,12,431,30,35,2,6,129,0.00401,0.03693,0.1124,0.02362,0,0
202,793,198,18,573,202,18,13,166,163,12,12,441,36,35,1,6,132,0.00361,0.04055,0.11501,0.0227,0,0
203,816,202,18,582,216,19,13,176,167,12,12,449,40,35,1,6,133,0.00381,0.04336,0.11682,0.02206,0,0
204,847,206,18,600,229,19,17,183,170,16,12,466,46,36,1,6,134,0.00381,0.04597,0.12043,0.02125,0,0
205,876,214,19,618,239,21,16,193,178,16,13,479,46,36,0,6,139,0.00422,0.04798,0.12407,0.02169,0,0
206,911,220,19,638,254,23,21,204,183,20,13,495,50,37,1,6,143,0.00462,0.05099,0.12809,0.02086,0,0
207,946,228,19,656,271,26,23,220,189,21,13,509,51,39,2,6,147,0.00522,0.05441,0.1317,0.02008,0,0
208,983,236,20,669,294,28,26,240,196,23,14,520,54,40,3,6,149,0.00562,0.05904,0.13434,0.02035,0,0
209,1027,249,20,683,324,36,29,267,208,26,14,532,57,41,3,6,151,0.00723,0.06506,0.13715,0.01947,0,0
210,1080,261,20,707,353,43,28,293,220,25,14,552,60,41,3,6,155,0.00863,0.07088,0.14197,0.01852,0,0
211,1113,270,22,722,369,48,31,305,228,26,16,562,64,42,5,6,160,0.00964,0.07413,0.14504,0.01977,0,0
212,1169,279,22,749,398,46,30,321,235,24,16,582,77,44,6,6,167,0.00924,0.07995,0.15046,0.01882,0,0
213,1210,289,22,775,413,44,33,329,240,26,16,601,84,49,7,6,174,0.00884,0.08297,0.15569,0.01818,0,0
214,1254,305,22,805,427,51,34,336,253,28,16,625,91,52,6,6,180,0.01025,0.08578,0.16171,0.01754,0,0
215,1307,316,22,830,455,56,43,354,264,37,16,647,101,52,6,6,183,0.01125,0.0914,0.16673,0.01683,0,0
216,1361,331,22,864,475,61,42,372,277,37,16,673,103,54,5,6,191,0.01225,0.09542,0.17356,0.01616,0,0
217,1403,341,22,904,477,59,42,372,286,37,16,704,105,55,5,6,200,0.01185,0.09582,0.1816,0.01568,0,0
218,1474,358,23,946,505,59,39,382,301,35,16,740,123,57,4,7,206,0.01185,0.10147,0.19007,0.0156,0,0
219,1524,377,24,986,514,63,36,383,319,30,17,772,131,58,6,7,214,0.01266,0.1033,0.19815,0.01575,0,0
220,1572,395,24,1015,533,74,38,397,333,32,17,793,136,62,6,7,222,0.01487,0.10711,0.20398,0.01527,0,0
221,1625,404,24,1052,549,72,39,404,340,32,17,819,145,64,7,7,233,0.01447,0.11033,0.21141,0.01477,0,0
222,1691,417,24,1101,566,74,42,416,349,32,17,852,150,68,10,7,249,0.01487,0.11375,0.22126,0.01419,0,0
223,1741,431,26,1147,568,75,44,415,356,33,18,885,153,75,11,8,262,0.01508,0.11419,0.2306,0.01493,0,0
224,1807,443,26,1204,577,72,42,413,366,31,18,933,164,77,11,8,271,0.01448,0.116,0.24206,0.01439,0,0
225,1858,453,26,1248,584,68,44,404,373,31,18,968,180,80,13,8,280,0.01367,0.11741,0.2509,0.01399,0,0
226,1920,472,26,1291,603,77,50,413,386,36,18,999,190,86,14,8,292,0.01548,0.12123,0.25955,0.01354,0,0
227,1964,492,28,1350,586,71,47,397,404,34,20,1038,189,88,13,8,312,0.01428,0.11786,0.27152,0.01426,0,0
228,2022,514,28,1406,588,80,56,386,417,42,20,1080,202,97,14,8,326,0.01609,0.11826,0.28278,0.01385,0,0
229,2082,534,28,1468,586,80,50,370,430,36,20,1127,216,104,14,8,341,0.01609,0.11786,0.29525,0.01345,0,0
230,2141,548,28,1519,594,78,43,367,439,27,20,1164,227,109,16,8,355,0.01569,0.11947,0.30551,0.01308,0,0
231,2188,558,28,1572,588,71,39,353,443,23,20,1197,235,115,16,8,375,0.01428,0.11826,0.31617,0.0128,0,0
232,2243,574,28,1629,586,75,43,349,450,24,20,1230,237,124,19,8,399,0.01508,0.11786,0.32763,0.01248,0,0
233,2304,589,28,1688,588,74,45,343,456,25,20,1259,245,133,20,8,429,0.01488,0.11826,0.3395,0.01215,0,0
234,2355,608,28,1747,580,77,48,328,464,27,20,1299,252,144,21,8,448,0.01549,0.11665,0.35137,0.01189,0,0
235,2396,623,28,1794,574,77,50,316,473,28,20,1330,258,150,22,8,464,0.01549,0.11545,0.36082,0.01169,0,0
236,2453,636,28,1853,572,73,52,314,481,29,20,1365,258,155,23,8,488,0.01468,0.11504,0.37269,0.01141,0,0
237,2504,657,28,1911,565,76,57,298,489,33,20,1403,267,168,24,8,508,0.01529,0.11364,0.38435,0.01118,0,0
238,2551,679,28,1973,550,79,59,276,502,32,20,1444,274,177,27,8,529,0.01589,0.11062,0.39682,0.01098,0,0
239,2602,703,29,2018,555,92,62,270,511,32,21,1469,285,192,30,8,549,0.01851,0.11165,0.40595,0.01115,0,0
240,2648,724,29,2069,550,95,64,257,519,31,21,1498,293,205,33,8,571,0.01911,0.11064,0.41621,0.01095,0,0
241,2702,743,30,2117,555,96,67,252,528,35,22,1523,303,215,32,8,594,0.01932,0.11167,0.42596,0.0111,0,0
242,2739,763,30,2169,540,99,72,241,541,37,22,1549,299,222,35,8,620,0.01992,0.10865,0.43642,0.01095,0,0
243,2777,786,30,2227,520,96,68,224,552,30,22,1582,296,234,38,8,645,0.01932,0.10463,0.44809,0.0108,0,0
244,2816,809,30,2282,504,93,60,213,561,28,22,1611,291,248,32,8,671,0.01871,0.10141,0.45915,0.01065,0,0
245,2867,822,30,2336,501,87,58,210,568,28,22,1637,291,254,30,8,699,0.01751,0.1008,0.47002,0.01046,0,0
246,2903,840,30,2385,488,85,53,203,576,28,22,1659,285,264,25,8,726,0.0171,0.09819,0.47988,0.01033,0,0
247,2942,849,30,2424,488,83,59,209,580,31,22,1676,279,269,28,8,748,0.0167,0.09819,0.48773,0.0102,0,0
248,2978,869,31,2478,469,80,51,197,588,27,22,1699,272,281,24,9,779,0.0161,0.09439,0.49869,0.01041,0,0
249,3011,879,31,2532,448,69,50,186,591,27,22,1723,262,288,23,9,809,0.01389,0.09016,0.50956,0.0103,0,0
250,3040,897,32,2578,430,72,46,178,598,21,22,1744,252,299,25,10,834,0.01449,0.08655,0.51892,0.01053,0,0
251,3071,911,32,2624,415,68,41,162,602,19,22,1768,253,309,22,10,856,0.01369,0.08353,0.52818,0.01042,0,0
252,3101,922,32,2676,393,59,38,152,608,16,22,1788,241,314,22,10,888,0.01188,0.07911,0.53865,0.01032,0,0
253,3135,936,32,2715,388,61,40,147,615,15,22,1803,241,321,25,10,912,0.01228,0.0781,0.5465,0.01021,0,0
254,3170,948,32,2763,375,51,29,140,620,9,22,1824,235,328,20,10,939,0.01027,0.07548,0.55616,0.01009,0,0
255,3198,957,32,2807,359,47,31,135,621,9,22,1844,224,336,22,10,963,0.00946,0.07226,0.56502,0.01001,0,0
256,3220,967,32,2841,347,46,30,135,626,9,22,1857,212,341,21,10,984,0.00926,0.06985,0.57186,0.00994,0,0
257,3245,976,32,2871,342,46,31,126,628,8,22,1874,216,348,23,10,997,0.00926,0.06884,0.5779,0.00986,0,0
258,3275,982,32,2920,323,39,31,108,629,7,22,1898,215,353,24,10,1022,0.00785,0.06502,0.58776,0.00977,0,0
259,3295,993,32,2960,303,39,32,100,633,7,22,1911,203,360,25,10,1049,0.00785,0.06099,0.59581,0.00971,0,0
260,3316,1001,32,2994,290,36,25,100,635,6,22,1922,190,366,19,10,1072,0.00725,0.05837,0.60266,0.00965,0,0
261,3330,1004,32,3020,278,31,29,94,637,7,22,1932,184,367,22,10,1088,0.00624,0.05596,0.60789,0.00961,0,0
262,3349,1019,32,3058,259,35,26,91,640,6,22,1948,168,379,20,10,1110,0.00705,0.05213,0.61554,0.00956,0,0
263,3364,1026,32,3086,246,31,24,90,642,8,22,1957,156,384,16,10,1129,0.00624,0.04952,0.62118,0.00951,0,0
264,3387,1033,35,3116,236,25,17,86,644,7,23,1967,150,389,10,12,1149,0.00504,0.04753,0.62759,0.01033,0,0
265,3397,1038,35,3137,225,26,20,79,646,9,23,1976,146,392,11,12,1161,0.00524,0.04532,0.63182,0.0103,0,0
266,3408,1045,36,3163,209,29,21,71,648,9,24,1986,138,397,12,12,1177,0.00584,0.0421,0.63719,0.01056,0,0
267,3419,1052,37,3186,196,28,20,68,650,8,25,1993,128,402,12,12,1193,0.00564,0.03949,0.64195,0.01082,0,0
268,3427,1060,37,3209,181,32,24,63,653,11,25,1999,118,407,13,12,1210,0.00645,0.03647,0.64658,0.0108,0,0
269,3439,1067,37,3232,170,35,24,64,657,11,25,2006,106,410,13,12,1226,0.00705,0.03425,0.65122,0.01076,0,0
270,3450,1070,37,3252,161,28,19,64,660,8,25,2016,97,410,11,12,1236,0.00564,0.03244,0.65525,0.01072,0,0
271,3458,1073,37,3277,144,21,12,56,661,4,25,2026,88,412,8,12,1251,0.00423,0.02901,0.66029,0.0107,0,0
272,3461,1077,37,3293,131,18,10,56,664,3,25,2030,75,413,7,12,1263,0.00363,0.0264,0.66351,0.01069,0,0
273,3468,1079,38,3311,119,14,11,56,666,4,26,2037,63,413,7,12,1274,0.00282,0.02398,0.66727,0.01096,0,0
274,3472,1082,39,3324,109,14,11,52,668,4,26,2042,57,414,7,13,1282,0.00282,0.02197,0.67003,0.01123,0,0
275,3482,1087,40,3339,103,13,10,52,670,4,26,2047,51,417,6,14,1292,0.00262,0.02077,0.67319,0.01149,0,0
276,3489,1089,40,3356,93,9,7,49,670,4,26,2056,44,419,3,14,1300,0.00181,0.01875,0.67661,0.01146,0,0
277,3496,1091,40,3371,85,7,6,47,672,3,26,2062,38,419,3,14,1309,0.00141,0.01714,0.67964,0.01144,0,0
278,3505,1093,40,3382,83,6,5,48,673,4,26,2067,35,420,1,14,1315,0.00121,0.01673,0.68185,0.01141,0,0
279,3508,1094,40,3392,76,5,5,43,674,3,26,2072,33,420,2,14,1320,0.00101,0.01532,0.68387,0.0114,0,0
280,3514,1095,40,3397,77,5,6,44,674,4,26,2074,33,421,2,14,1323,0.00101,0.01552,0.68488,0.01138,0,0
281,3519,1099,41,3405,73,8,5,38,678,3,27,2081,35,421,2,14,1324,0.00161,0.01472,0.68663,0.01165,0,0
282,3522,1102,41,3415,66,10,6,33,681,4,27,2086,33,421,2,14,1329,0.00202,0.01331,0.68865,0.01164,0,0
283,3531,1107,42,3429,60,12,6,30,683,3,28,2091,30,424,3,14,1338,0.00242,0.0121,0.69161,0.01189,0,0
284,3535,1108,42,3436,57,11,7,29,683,3,28,2094,28,425,4,14,1342,0.00222,0.0115,0.69302,0.01188,0,0
285,3538,1110,42,3443,53,9,5,23,683,1,28,2100,30,427,4,14,1343,0.00182,0.01069,0.69443,0.01187,0,0
286,3541,1110,42,3446,53,8,8,22,683,2,28,2102,31,427,6,14,1344,0.00161,0.01069,0.69504,0.01186,0,0
287,3545,1113,43,3451,51,9,6,22,684,1,29,2105,29,429,5,14,1346,0.00182,0.01029,0.69619,0.01213,0,0
288,3547,1113,44,3456,47,6,5,21,684,1,29,2107,26,429,4,15,1349,0.00121,0.00948,0.69734,0.0124,0,0
289,3552,1113,44,3463,45,3,6,21,684,1,29,2110,24,429,5,15,1353,0.00061,0.00908,0.69875,0.01239,0,0
290,3555,1117,44,3467,44,6,7,21,685,2,29,2112,23,432,5,15,1355,0.00121,0.00888,0.69956,0.01238,0,0
291,3555,1118,44,3471,40,7,7,18,686,2,29,2115,22,432,5,15,1356,0.00141,0.00807,0.70036,0.01238,0,0
292,3556,1118,44,3475,37,7,7,14,686,2,29,2117,23,432,5,15,1358,0.00141,0.00747,0.70117,0.01237,0,0
293,3560,1118,45,3482,33,6,8,14,686,3,29,2121,19,432,5,16,1361,0.00121,0.00666,0.70272,0.01264,0,0
294,3563,1120,45,3483,35,8,9,15,687,4,29,2122,20,433,5,16,1361,0.00161,0.00706,0.70293,0.01263,0,0
295,3566,1121,45,3486,35,7,7,15,688,4,29,2123,20,433,3,16,1363,0.00141,0.00706,0.70353,0.01262,0,0
296,3568,1121,45,3493,30,6,6,14,688,3,29,2126,16,433,3,16,1367,0.00121,0.00605,0.70494,0.01261,0,0
297,3570,1121,45,3496,29,5,5,12,688,2,29,2128,17,433,3,16,1368,0.00101,0.00585,0.70555,0.01261,0,0
298,3571,1121,46,3502,23,2,3,11,688,2,29,2130,12,433,1,17,1372,0.0004,0.00464,0.7069,0.01288,0,0
299,3575,1122,46,3503,26,3,4,13,689,3,29,2131,13,433,1,17,1372,0.00061,0.00525,0.70711,0.01287,0,0
300,3576,1124,46,3507,23,2,2,13,690,2,29,2132,10,434,0,17,1375,0.0004,0.00464,0.70791,0.01286,0,0
301,3579,1124,46,3510,23,2,3,12,690,2,29,2134,11,434,1,17,1376,0.0004,0.00464,0.70852,0.01285,0,0
302,3579,1125,46,3511,22,2,2,11,690,1,29,2135,11,435,1,17,1376,0.0004,0.00444,0.70872,0.01285,0,0
303,3579,1126,46,3515,18,2,1,8,690,0,29,2138,10,436,1,17,1377,0.0004,0.00363,0.70953,0.01285,0,0
304,3579,1126,46,3520,13,1,1,5,690,0,29,2139,8,436,1,17,1381,0.0002,0.00262,0.71054,0.01285,0,0
305,3580,1126,46,3520,14,1,3,4,690,2,29,2139,10,436,1,17,1381,0.0002,0.00283,0.71054,0.01285,0,0
306,3580,1128,46,3521,13,3,5,4,692,3,29,2139,9,436,2,17,1382,0.00061,0.00262,0.71074,0.01285,0,0
307,3583,1130,46,3524,13,4,4,7,693,3,29,2139,6,437,1,17,1385,0.00081,0.00262,0.71134,0.01284,0,0
308,3584,1130,46,3524,14,4,4,8,693,3,29,2139,6,437,1,17,1385,0.00081,0.00283,0.71134,0.01283,0,0
309,3588,1130,46,3526,16,4,4,9,693,3,29,2140,7,437,1,17,1386,0.00081,0.00323,0.71175,0.01282,0,0
310,3588,1130,46,3530,12,1,2,7,693,1,29,2142,5,437,1,17,1388,0.0002,0.00242,0.71256,0.01282,0,0
311,3588,1131,47,3530,11,1,1,6,693,0,30,2142,5,438,1,17,1388,0.0002,0.00222,0.7127,0.0131,0,0
312,3588,1131,47,3530,11,1,1,6,693,0,30,2142,5,438,1,17,1388,0.0002,0.00222,0.7127,0.0131,0,0
313,3588,1131,47,3531,10,1,1,6,693,0,30,2142,4,438,1,17,1389,0.0002,0.00202,0.7129,0.0131,0,0
314,3589,1131,47,3532,10,1,1,6,693,0,30,2142,4,438,1,17,1390,0.0002,0.00202,0.7131,0.0131,0,0
315,3589,1131,47,3532,10,1,1,6,693,0,30,2142,4,438,1,17,1390,0.0002,0.00202,0.7131,0.0131,0,0
316,3590,1131,47,3535,8,0,0,5,693,0,30,2143,3,438,0,17,1392,0.0,0.00162,0.71371,0.01309,0,0
317,3590,1131,47,3537,6,0,0,3,693,0,30,2145,3,438,0,17,1392,0.0,0.00121,0.71411,0.01309,0,0
318,3590,1131,47,3538,5,0,0,1,693,0,30,2146,4,438,0,17,1392,0.0,0.00101,0.71431,0.01309,0,0
319,3595,1131,47,3539,9,0,0,1,693,0,30,2146,8,438,0,17,1393,0.0,0.00182,0.71452,0.01307,0,0
320,3595,1131,47,3540,8,0,0,1,693,0,30,2146,7,438,0,17,1394,0.0,0.00162,0.71472,0.01307,0,0
321,3595,1131,47,3540,8,0,0,2,693,0,30,2146,6,438,0,17,1394,0.0,0.00162,0.71472,0.01307,0,0
322,3595,1131,47,3540,8,0,1,2,693,0,30,2146,6,438,1,17,1394,0.0,0.00162,0.71472,0.01307,0,0
323,3596,1132,47,3541,8,1,1,1,693,0,30,2147,7,439,1,17,1394,0.0002,0.00162,0.71492,0.01307,0,0
324,3596,1132,47,3541,8,1,1,1,693,0,30,2147,7,439,1,17,1394,0.0002,0.00162,0.71492,0.01307,0,0
325,3596,1132,47,3542,7,1,1,1,693,0,30,2147,6,439,1,17,1395,0.0002,0.00141,0.71512,0.01307,0,0
326,3596,1132,47,3544,5,1,1,0,693,0,30,2148,5,439,1,17,1396,0.0002,0.00101,0.71553,0.01307,0,0
327,3597,1132,47,3545,5,1,1,0,693,0,30,2148,5,439,1,17,1397,0.0002,0.00101,0.71573,0.01307,0,0
328,3599,1132,47,3546,6,1,1,0,693,0,30,2148,6,439,1,17,1398,0.0002,0.00121,0.71593,0.01306,0,0
329,3600,1132,47,3546,7,1,1,0,693,0,30,2148,7,439,1,17,1398,0.0002,0.00141,0.71593,0.01306,0,0
330,3600,1132,47,3548,5,0,0,0,693,0,30,2148,5,439,0,17,1400,0.0,0.00101,0.71633,0.01306,0,0
331,3600,1132,47,3548,5,0,0,1,693,0,30,2148,4,439,0,17,1400,0.0,0.00101,0.71633,0.01306,0,0
332,3600,1132,47,3548,5,0,0,1,693,0,30,2148,4,439,0,17,1400,0.0,0.00101,0.71633,0.01306,0,0
333,3600,1132,47,3549,4,0,0,1,693,0,30,2148,3,439,0,17,1401,0.0,0.00081,0.71654,0.01306,0,0
334,3600,1132,47,3549,4,0,0,1,693,0,30,2148,3,439,0,17,1401,0.0,0.00081,0.71654,0.01306,0,0
335,3600,1132,47,3549,4,0,0,1,693,0,30,2148,3,439,0,17,1401,0.0,0.00081,0.71654,0.01306,0,0
336,3600,1132,47,3550,3,0,0,1,693,0,30,2148,2,439,0,17,1402,0.0,0.00061,0.71674,0.01306,0,0
337,3600,1132,47,3550,3,0,0,1,693,0,30,2148,2,439,0,17,1402,0.0,0.00061,0.71674,0.01306,0,0
338,3600,1132,47,3550,3,0,0,1,693,0,30,2148,2,439,0,17,1402,0.0,0.00061,0.71674,0.01306,0,0
339,3600,1132,47,3550,3,0,0,1,693,0,30,2148,2,439,0,17,1402,0.0,0.00061,0.71674,0.01306,0,0
340,3600,1132,47,3552,1,0,0,0,693,0,30,2149,1,439,0,17,1403,0.0,0.0002,0.71714,0.01306,0,0
341,3600,1132,47,3552,1,0,0,0,693,0,30,2149,1,439,0,17,1403,0.0,0.0002,0.71714,0.01306,0,0
342,3600,1132,47,3552,1,0,0,0,693,0,30,2149,1,439,0,17,1403,0.0,0.0002,0.71714,0.01306,0,0
343,3601,1132,47,3552,2,0,0,0,693,0,30,2149,2,439,0,17,1403,0.0,0.0004,0.71714,0.01305,0,0
344,3601,1132,47,3552,2,0,0,0,693,0,30,2149,2,439,0,17,1403,0.0,0.0004,0.71714,0.01305,0,0
345,3601,1132,47,3553,1,0,0,0,693,0,30,2149,1,439,0,17,1404,0.0,0.0002,0.71734,0.01305,0,0
346,3601,1132,47,3553,1,0,0,0,693,0,30,2149,1,439,0,17,1404,0.0,0.0002,0.71734,0.01305,0,0
347,3601,1132,47,3553,1,0,0,0,693,0,30,2149,1,439,0,17,1404,0.0,0.0002,0.71734,0.01305,0,0
348,3601,1132,47,3553,1,0,0,0,693,0,30,2149,1,439,0,17,1404,0.0,0.0002,0.71734,0.01305,0,0
349,3601,1132,47,3553,1,0,0,1,693,0,30,2149,0,439,0,17,1404,0.0,0.0002,0.71734,0.01305,0,0
350,3601,1132,47,3553,1,0,0,1,693,0,30,2149,0,439,0,17,1404,0.0,0.0002,0.71734,0.01305,0,0
351,3601,1132,47,3553,1,0,0,1,693,0,30,2149,0,439,0,17,1404,0.0,0.0002,0.71734,0.01305,0,0
352,3601,1132,47,3553,1,0,0,1,693,0,30,2149,0,439,0,17,1404,0.0,0.0002,0.71734,0.01305,0,0
353,3601,1132,47,3553,1,0,0,1,693,0,30,2149,0,439,0,17,1404,0.0,0.0002,0.71734,0.01305,0,0
354,3601,1132,47,3554,0,0,0,0,693,0,30,2150,0,439,0,17,1404,0.0,0.0,0.71754,0.01305,0,0
355,3601,1132,47,3554,0,0,0,0,693,0,30,2150,0,439,0,17,1404,0.0,0.0,0.71754,0.01305,0,0
356,3601,1132,47,3554,0,0,0,0,693,0,30,2150,0,439,0,17,1404,0.0,0.0,0.71754,0.01305,0,0
357,3601,1132,47,3554,0,0,0,0,693,0,30,2150,0,439,0,17,1404,0.0,0.0,0.71754,0.01305,0,0
358,3601,1132,47,3554,0,0,0,0,693,0,30,2150,0,439,0,17,1404,0.0,0.0,0.71754,0.01305,0,0
359,3601,1132,47,3554,0,0,0,0,693,0,30,2150,0,439,0,17,1404,0.0,0.0,0.71754,0.01305,0,0
360,3601,1132,47,3554,0,0,0,0,693,0,30,2150,0,439,0,17,1404,0.0,0.0,0.71754,0.01305,0,0
