Day,Total infected,Total tested,Total deaths,Total recovered,Infected,In treatment,Infected in A,Tested in A,In treatment in A,Deaths in A,Recovered in A,Infected in B,Tested in B,In treatment in B,Deaths in B,Recovered in B,Infected population %,Death rate
1,1,0,0,0,1,0,1,0,0,0,0,0,0,0,0,0,0.00033,0.0
2,1,0,0,0,1,0,1,0,0,0,0,0,0,0,0,0,0.00033,0.0
3,1,0,0,0,1,0,1,0,0,0,0,0,0,0,0,0,0.00033,0.0
4,2,0,0,0,2,0,2,0,0,0,0,0,0,0,0,0,0.00067,0.0
5,2,1,0,0,2,0,2,1,0,0,0,0,0,0,0,0,0.00067,0.0
6,8,1,0,0,8,0,8,1,0,0,0,0,0,0,0,0,0.00267,0.0
7,9,1,0,0,9,1,9,1,1,0,0,0,0,0,0,0,0.003,0.0
8,15,4,0,0,15,1,15,4,1,0,0,0,0,0,0,0,0.005,0.0
9,21,4,0,0,21,1,21,4,1,0,0,0,0,0,0,0,0.007,0.0
10,25,4,0,1,24,1,24,4,1,0,1,0,0,0,0,0,0.008,0.0
11,37,8,0,1,36,3,36,8,3,0,1,0,0,0,0,0,0.012,0.0
12,63,11,0,1,62,7,62,11,7,0,1,0,0,0,0,0,0.02067,0.0
13,73,15,0,2,71,7,71,15,7,0,2,0,0,0,0,0,0.02367,0.0
14,81,18,0,3,78,10,78,18,10,0,3,0,0,0,0,0,0.026,0.0
15,91,26,0,4,87,9,87,26,9,0,4,0,0,0,0,0,0.029,0.0
16,99,29,0,8,91,8,91,29,8,0,8,0,0,0,0,0,0.03033,0.0
17,107,35,1,13,93,8,90,35,8,1,13,3,0,0,0,0,0.031,0.00935
18,115,39,1,19,95,11,91,39,11,1,19,4,0,0,0,0,0.03167,0.0087
19,127,46,1,25,101,8,96,46,8,1,25,5,0,0,0,0,0.03367,0.00787
20,136,51,1,33,102,10,97,51,10,1,32,5,0,0,0,1,0.034,0.00735
21,147,57,1,39,107,11,101,57,11,1,37,6,0,0,0,2,0.03567,0.0068
22,161,60,1,47,113,11,103,60,11,1,45,10,0,0,0,2,0.03767,0.00621
23,178,66,2,51,125,9,112,65,9,2,49,13,1,0,0,2,0.04167,0.01124
24,194,67,3,61,130,6,118,66,6,3,57,12,1,0,0,4,0.04333,0.01546
25,209,77,4,71,134,8,121,74,7,4,67,13,3,1,0,4,0.04467,0.01914
26,224,86,4,89,131,8,118,81,7,4,85,13,5,1,0,4,0.04367,0.01786
27,237,96,4,94,139,10,125,91,9,4,90,14,5,1,0,4,0.04633,0.01688
28,251,106,5,101,145,12,132,101,11,5,96,13,5,1,0,5,0.04833,0.01992
29,263,116,5,107,151,14,138,111,12,5,101,13,5,2,0,6,0.05033,0.01901
30,279,122,5,120,154,15,136,116,12,5,113,18,6,3,0,7,0.05133,0.01792
31,304,129,5,133,166,17,145,122,14,5,126,21,7,3,0,7,0.05533,0.01645
32,320,142,5,146,169,22,149,135,20,5,135,20,7,2,0,11,0.05633,0.01562
33,338,154,5,154,179,24,156,146,22,5,143,23,8,2,0,11,0.05967,0.01479
34,358,163,5,170,183,25,162,155,23,5,156,21,8,2,0,14,0.061,0.01397
35,384,169,5,184,195,26,177,160,24,5,168,18,9,2,0,16,0.065,0.01302
36,399,180,6,200,193,21,177,169,19,6,182,16,11,2,0,18,0.06433,0.01504
37,422,189,7,213,202,23,184,178,22,6,194,18,11,1,1,19,0.06733,0.01659
38,440,196,7,233,200,26,182,185,25,6,212,18,11,1,1,21,0.06667,0.01591
39,465,214,8,247,210,22,191,203,22,7,225,19,11,0,1,22,0.07,0.0172
40,485,223,10,265,210,19,190,212,18,9,243,20,11,1,1,22,0.07,0.02062
41,531,233,11,279,241,18,217,220,17,10,255,24,13,1,1,24,0.08033,0.02072
42,603,247,12,289,302,20,264,234,18,11,263,38,13,2,1,26,0.10067,0.0199
43,688,266,13,304,371,23,320,249,21,12,276,51,17,2,1,28,0.12367,0.0189
44,783,276,13,320,450,24,381,258,23,12,288,69,18,1,1,32,0.15,0.0166
45,888,305,14,336,538,29,456,282,25,13,302,82,23,4,1,34,0.17933,0.01577
46,1010,336,14,361,635,29,518,306,24,13,322,117,30,5,1,39,0.21167,0.01386
47,1128,378,14,379,735,39,578,339,33,13,338,157,39,6,1,41,0.245,0.01241
48,1255,425,14,403,838,43,641,375,37,13,360,197,50,6,1,43,0.27933,0.01116
49,1412,478,14,445,953,54,700,414,45,13,398,253,64,9,1,47,0.31767,0.00992
50,1577,538,15,487,1075,68,749,462,55,14,434,326,76,13,1,53,0.35833,0.00951
51,1761,615,15,533,1213,96,816,516,73,14,468,397,99,23,1,65,0.40433,0.00852
52,1916,710,15,586,1315,113,841,579,85,14,515,474,131,28,1,71,0.43833,0.00783
53,2080,785,16,648,1416,130,848,623,85,14,570,568,162,45,2,78,0.472,0.00769
54,2225,875,16,721,1488,146,847,668,96,14,626,641,207,50,2,95,0.496,0.00719
55,2368,960,17,817,1534,152,820,725,95,15,697,714,235,57,2,120,0.51133,0.00718
56,2504,1045,18,917,1569,154,796,773,86,16,770,773,272,68,2,147,0.523,0.00719
57,2630,1113,21,1022,1587,150,776,809,81,17,837,811,304,69,4,185,0.529,0.00798
58,2719,1214,22,1152,1545,164,715,858,79,18,921,830,356,85,4,231,0.515,0.00809
59,2792,1310,22,1277,1493,177,666,894,78,18,990,827,416,99,4,287,0.49767,0.00788
60,2852,1403,22,1404,1426,190,610,928,77,18,1068,816,475,113,4,336,0.47533,0.00771
61,2898,1485,22,1544,1332,180,553,965,70,18,1142,779,520,110,4,402,0.444,0.00759
62,2925,1541,23,1707,1195,166,475,982,62,18,1229,720,559,104,5,478,0.39833,0.00786
63,2939,1592,25,1876,1038,144,387,1001,48,19,1326,651,591,96,6,550,0.346,0.00851
64,2949,1643,28,2028,893,138,333,1020,50,20,1382,560,623,88,8,646,0.29767,0.00949
65,2960,1698,31,2166,763,123,279,1042,45,22,1442,484,656,78,9,724,0.25433,0.01047
66,2961,1734,31,2294,636,102,232,1053,36,22,1495,404,681,66,9,799,0.212,0.01047
67,2966,1765,33,2400,533,87,186,1062,29,23,1543,347,703,58,10,857,0.17767,0.01113
68,2966,1792,34,2495,437,79,153,1071,25,24,1581,284,721,54,10,914,0.14567,0.01146
69,2972,1810,36,2594,342,64,120,1077,18,25,1621,222,733,46,11,973,0.114,0.01211
70,2978,1830,37,2673,268,51,94,1086,12,26,1650,174,744,39,11,1023,0.08933,0.01242
71,2981,1838,38,2739,204,40,72,1088,11,26,1673,132,750,29,12,1066,0.068,0.01275
72,2982,1841,40,2788,154,36,50,1090,10,27,1694,104,751,26,13,1094,0.05133,0.01341
73,2982,1848,44,2830,108,22,37,1093,6,28,1706,71,755,16,16,1124,0.036,0.01476
74,2982,1850,44,2861,77,18,24,1095,4,28,1720,53,755,14,16,1141,0.02567,0.01476
75,2982,1853,45,2881,56,12,15,1095,2,29,1727,41,758,10,16,1154,0.01867,0.01509
76,2982,1855,46,2896,40,8,12,1095,2,29,1731,28,760,6,17,1165,0.01333,0.01543
77,2982,1857,46,2907,29,6,11,1096,2,29,1732,18,761,4,17,1175,0.00967,0.01543
78,2982,1859,46,2913,23,2,10,1098,1,29,1734,13,761,1,17,1179,0.00767,0.01543
79,2982,1862,46,2918,18,3,7,1100,1,29,1737,11,762,2,17,1181,0.006,0.01543
80,2982,1863,46,2923,13,3,6,1100,1,29,1738,7,763,2,17,1185,0.00433,0.01543
81,2982,1863,46,2928,8,2,4,1100,1,29,1740,4,763,1,17,1188,0.00267,0.01543
82,2982,1863,46,2929,7,1,3,1100,0,29,1741,4,763,1,17,1188,0.00233,0.01543
83,2982,1863,46,2932,4,0,2,1100,0,29,1742,2,763,0,17,1190,0.00133,0.01543
84,2982,1863,46,2932,4,0,2,1100,0,29,1742,2,763,0,17,1190,0.00133,0.01543
85,2982,1863,46,2936,0,0,0,1100,0,29,1744,0,763,0,17,1192,0.0,0.01543
86,2982,1863,46,2936,0,0,0,1100,0,29,1744,0,763,0,17,1192,0.0,0.01543
87,2982,1863,46,2936,0,0,0,1100,0,29,1744,0,763,0,17,1192,0.0,0.01543
88,2982,1863,46,2936,0,0,0,1100,0,29,1744,0,763,0,17,1192,0.0,0.01543
89,2982,1863,46,2936,0,0,0,1100,0,29,1744,0,763,0,17,1192,0.0,0.01543
90,2982,1863,46,2936,0,0,0,1100,0,29,1744,0,763,0,17,1192,0.0,0.01543
91,2982,1863,46,2936,0,0,0,1100,0,29,1744,0,763,0,17,1192,0.0,0.01543
92,2982,1863,46,2936,0,0,0,1100,0,29,1744,0,763,0,17,1192,0.0,0.01543
93,2982,1863,46,2936,0,0,0,1100,0,29,1744,0,763,0,17,1192,0.0,0.01543
94,2982,1863,46,2936,0,0,0,1100,0,29,1744,0,763,0,17,1192,0.0,0.01543
95,2982,1863,46,2936,0,0,0,1100,0,29,1744,0,763,0,17,1192,0.0,0.01543
96,2982,1863,46,2936,0,0,0,1100,0,29,1744,0,763,0,17,1192,0.0,0.01543
97,2982,1863,46,2936,0,0,0,1100,0,29,1744,0,763,0,17,1192,0.0,0.01543
98,2982,1863,46,2936,0,0,0,1100,0,29,1744,0,763,0,17,1192,0.0,0.01543
99,2982,1863,46,2936,0,0,0,1100,0,29,1744,0,763,0,17,1192,0.0,0.01543
100,2982,1863,46,2936,0,0,0,1100,0,29,1744,0,763,0,17,1192,0.0,0.01543
101,2982,1863,46,2936,0,0,0,1100,0,29,1744,0,763,0,17,1192,0.0,0.01543
102,2982,1863,46,2936,0,0,0,1100,0,29,1744,0,763,0,17,1192,0.0,0.01543
103,2982,1863,46,2936,0,0,0,1100,0,29,1744,0,763,0,17,1192,0.0,0.01543
104,2982,1863,46,2936,0,0,0,1100,0,29,1744,0,763,0,17,1192,0.0,0.01543
105,2982,1863,46,2936,0,0,0,1100,0,29,1744,0,763,0,17,1192,0.0,0.01543
106,2982,1863,46,2936,0,0,0,1100,0,29,1744,0,763,0,17,1192,0.0,0.01543
107,2982,1863,46,2936,0,0,0,1100,0,29,1744,0,763,0,17,1192,0.0,0.01543
108,2982,1863,46,2936,0,0,0,1100,0,29,1744,0,763,0,17,1192,0.0,0.01543
109,2982,1863,46,2936,0,0,0,1100,0,29,1744,0,763,0,17,1192,0.0,0.01543
110,2982,1863,46,2936,0,0,0,1100,0,29,1744,0,763,0,17,1192,0.0,0.01543
111,2982,1863,46,2936,0,0,0,1100,0,29,1744,0,763,0,17,1192,0.0,0.01543
112,2982,1863,46,2936,0,0,0,1100,0,29,1744,0,763,0,17,1192,0.0,0.01543
113,2982,1863,46,2936,0,0,0,1100,0,29,1744,0,763,0,17,1192,0.0,0.01543
114,2982,1863,46,2936,0,0,0,1100,0,29,1744,0,763,0,17,1192,0.0,0.01543
115,2982,1863,46,2936,0,0,0,1100,0,29,1744,0,763,0,17,1192,0.0,0.01543
116,2982,1863,46,2936,0,0,0,1100,0,29,1744,0,763,0,17,1192,0.0,0.01543
117,2982,1863,46,2936,0,0,0,1100,0,29,1744,0,763,0,17,1192,0.0,0.01543
118,2982,1863,46,2936,0,0,0,1100,0,29,1744,0,763,0,17,1192,0.0,0.01543
119,2982,1863,46,2936,0,0,0,1100,0,29,1744,0,763,0,17,1192,0.0,0.01543
120,2982,1863,46,2936,0,0,0,1100,0,29,1744,0,763,0,17,1192,0.0,0.01543
