Day,Total infected,Total tested,Total deaths,Total recovered,Infected,Actual tested,In treatment,Infected in A,Tested in A,In treatment in A,Deaths in A,Recovered in A,Infected in B,Tested in B,In treatment in B,Deaths in B,Recovered in B,Known infected %,Infected population %,Population immunity %,Death rate,Total isolated,Isolated
1,5,0,0,0,5,0,0,5,0,0,0,0,0,0,0,0,0,0.0,0.001,0.0,0.0,0.0,0.0
2,5,0,0,0,5,0,0,5,0,0,0,0,0,0,0,0,0,0.0,0.001,0.0,0.0,0.0,0.0
3,6,0,0,0,6,0,0,6,0,0,0,0,0,0,0,0,0,0.0,0.0012,0.0,0.0,0.0,0.0
4,6,0,0,0,6,0,1,6,0,1,0,0,0,0,0,0,0,0.0,0.0012,0.0,0.0,0.0,0.0
5,7,2,0,0,7,2,2,7,2,2,0,0,0,0,0,0,0,0.0004,0.0014,0.0,0.0,0.0,0.0
6,8,4,0,0,8,4,2,8,4,2,0,0,0,0,0,0,0,0.0008,0.0016,0.0,0.0,0.0,0.0
7,8,4,0,0,8,4,2,8,4,2,0,0,0,0,0,0,0,0.0008,0.0016,0.0,0.0,0.0,0.0
8,8,4,0,1,7,3,1,7,4,1,0,1,0,0,0,0,0,0.0006,0.0014,0.0002,0.0,0.0,0.0
9,9,4,0,1,8,3,1,8,4,1,0,1,0,0,0,0,0,0.0006,0.0016,0.0002,0.0,0.0,0.0
10,10,4,0,1,9,3,1,9,4,1,0,1,0,0,0,0,0,0.0006,0.0018,0.0002,0.0,0.0,0.0
11,11,4,0,1,10,3,1,10,4,1,0,1,0,0,0,0,0,0.0006,0.002,0.0002,0.0,0.0,0.0
12,11,4,0,3,8,2,0,8,4,0,0,3,0,0,0,0,0,0.0004,0.0016,0.0006,0.0,0.0,0.0
13,11,7,0,3,8,5,1,8,7,1,0,3,0,0,0,0,0,0.001,0.0016,0.0006,0.0,0.0,0.0
14,11,7,0,4,7,5,2,7,7,2,0,4,0,0,0,0,0,0.001,0.0014,0.0008,0.0,0.0,0.0
15,11,7,0,6,5,4,2,5,7,2,0,6,0,0,0,0,0,0.0008,0.001,0.0012,0.0,0.0,0.0
16,11,7,0,7,4,4,2,4,7,2,0,7,0,0,0,0,0,0.0008,0.0008,0.0014,0.0,0.0,0.0
17,11,7,0,9,2,2,1,2,7,1,0,9,0,0,0,0,0,0.0004,0.0004,0.0018,0.0,0.0,0.0
18,11,7,0,10,1,1,0,1,7,0,0,10,0,0,0,0,0,0.0002,0.0002,0.002,0.0,0.0,0.0
19,11,7,0,10,1,1,0,1,7,0,0,10,0,0,0,0,0,0.0002,0.0002,0.002,0.0,0.0,0.0
20,11,7,0,11,0,0,0,0,7,0,0,11,0,0,0,0,0,0.0,0.0,0.0022,0.0,0.0,0.0
21,11,7,0,11,0,0,0,0,7,0,0,11,0,0,0,0,0,0.0,0.0,0.0022,0.0,0.0,0.0
22,11,7,0,11,0,0,0,0,7,0,0,11,0,0,0,0,0,0.0,0.0,0.0022,0.0,0.0,0.0
23,11,7,0,11,0,0,0,0,7,0,0,11,0,0,0,0,0,0.0,0.0,0.0022,0.0,0.0,0.0
24,11,7,0,11,0,0,0,0,7,0,0,11,0,0,0,0,0,0.0,0.0,0.0022,0.0,0.0,0.0
25,11,7,0,11,0,0,0,0,7,0,0,11,0,0,0,0,0,0.0,0.0,0.0022,0.0,0.0,0.0
26,11,7,0,11,0,0,0,0,7,0,0,11,0,0,0,0,0,0.0,0.0,0.0022,0.0,0.0,0.0
27,11,7,0,11,0,0,0,0,7,0,0,11,0,0,0,0,0,0.0,0.0,0.0022,0.0,0.0,0.0
28,11,7,0,11,0,0,0,0,7,0,0,11,0,0,0,0,0,0.0,0.0,0.0022,0.0,0.0,0.0
29,11,7,0,11,0,0,0,0,7,0,0,11,0,0,0,0,0,0.0,0.0,0.0022,0.0,0.0,0.0
30,11,7,0,11,0,0,0,0,7,0,0,11,0,0,0,0,0,0.0,0.0,0.0022,0.0,0.0,0.0
31,11,7,0,11,0,0,0,0,7,0,0,11,0,0,0,0,0,0.0,0.0,0.0022,0.0,0.0,0.0
32,11,7,0,11,0,0,0,0,7,0,0,11,0,0,0,0,0,0.0,0.0,0.0022,0.0,0.0,0.0
33,11,7,0,11,0,0,0,0,7,0,0,11,0,0,0,0,0,0.0,0.0,0.0022,0.0,0.0,0.0
34,11,7,0,11,0,0,0,0,7,0,0,11,0,0,0,0,0,0.0,0.0,0.0022,0.0,0.0,0.0
35,11,7,0,11,0,0,0,0,7,0,0,11,0,0,0,0,0,0.0,0.0,0.0022,0.0,0.0,0.0
36,11,7,0,11,0,0,0,0,7,0,0,11,0,0,0,0,0,0.0,0.0,0.0022,0.0,0.0,0.0
37,11,7,0,11,0,0,0,0,7,0,0,11,0,0,0,0,0,0.0,0.0,0.0022,0.0,0.0,0.0
38,11,7,0,11,0,0,0,0,7,0,0,11,0,0,0,0,0,0.0,0.0,0.0022,0.0,0.0,0.0
39,11,7,0,11,0,0,0,0,7,0,0,11,0,0,0,0,0,0.0,0.0,0.0022,0.0,0.0,0.0
40,11,7,0,11,0,0,0,0,7,0,0,11,0,0,0,0,0,0.0,0.0,0.0022,0.0,0.0,0.0
41,11,7,0,11,0,0,0,0,7,0,0,11,0,0,0,0,0,0.0,0.0,0.0022,0.0,0.0,0.0
42,11,7,0,11,0,0,0,0,7,0,0,11,0,0,0,0,0,0.0,0.0,0.0022,0.0,0.0,0.0
43,11,7,0,11,0,0,0,0,7,0,0,11,0,0,0,0,0,0.0,0.0,0.0022,0.0,0.0,0.0
44,11,7,0,11,0,0,0,0,7,0,0,11,0,0,0,0,0,0.0,0.0,0.0022,0.0,0.0,0.0
45,11,7,0,11,0,0,0,0,7,0,0,11,0,0,0,0,0,0.0,0.0,0.0022,0.0,0.0,0.0
46,11,7,0,11,0,0,0,0,7,0,0,11,0,0,0,0,0,0.0,0.0,0.0022,0.0,0.0,0.0
47,11,7,0,11,0,0,0,0,7,0,0,11,0,0,0,0,0,0.0,0.0,0.0022,0.0,0.0,0.0
48,11,7,0,11,0,0,0,0,7,0,0,11,0,0,0,0,0,0.0,0.0,0.0022,0.0,0.0,0.0
49,11,7,0,11,0,0,0,0,7,0,0,11,0,0,0,0,0,0.0,0.0,0.0022,0.0,0.0,0.0
50,11,7,0,11,0,0,0,0,7,0,0,11,0,0,0,0,0,0.0,0.0,0.0022,0.0,0.0,0.0
51,11,7,0,11,0,0,0,0,7,0,0,11,0,0,0,0,0,0.0,0.0,0.0022,0.0,0.0,0.0
52,11,7,0,11,0,0,0,0,7,0,0,11,0,0,0,0,0,0.0,0.0,0.0022,0.0,0.0,0.0
53,11,7,0,11,0,0,0,0,7,0,0,11,0,0,0,0,0,0.0,0.0,0.0022,0.0,0.0,0.0
54,11,7,0,11,0,0,0,0,7,0,0,11,0,0,0,0,0,0.0,0.0,0.0022,0.0,0.0,0.0
55,11,7,0,11,0,0,0,0,7,0,0,11,0,0,0,0,0,0.0,0.0,0.0022,0.0,0.0,0.0
56,11,7,0,11,0,0,0,0,7,0,0,11,0,0,0,0,0,0.0,0.0,0.0022,0.0,0.0,0.0
57,11,7,0,11,0,0,0,0,7,0,0,11,0,0,0,0,0,0.0,0.0,0.0022,0.0,0.0,0.0
58,11,7,0,11,0,0,0,0,7,0,0,11,0,0,0,0,0,0.0,0.0,0.0022,0.0,0.0,0.0
59,11,7,0,11,0,0,0,0,7,0,0,11,0,0,0,0,0,0.0,0.0,0.0022,0.0,0.0,0.0
60,11,7,0,11,0,0,0,0,7,0,0,11,0,0,0,0,0,0.0,0.0,0.0022,0.0,0.0,0.0
61,11,7,0,11,0,0,0,0,7,0,0,11,0,0,0,0,0,0.0,0.0,0.0022,0.0,0.0,0.0
62,11,7,0,11,0,0,0,0,7,0,0,11,0,0,0,0,0,0.0,0.0,0.0022,0.0,0.0,0.0
63,11,7,0,11,0,0,0,0,7,0,0,11,0,0,0,0,0,0.0,0.0,0.0022,0.0,0.0,0.0
64,11,7,0,11,0,0,0,0,7,0,0,11,0,0,0,0,0,0.0,0.0,0.0022,0.0,0.0,0.0
65,11,7,0,11,0,0,0,0,7,0,0,11,0,0,0,0,0,0.0,0.0,0.0022,0.0,0.0,0.0
66,11,7,0,11,0,0,0,0,7,0,0,11,0,0,0,0,0,0.0,0.0,0.0022,0.0,0.0,0.0
67,11,7,0,11,0,0,0,0,7,0,0,11,0,0,0,0,0,0.0,0.0,0.0022,0.0,0.0,0.0
68,11,7,0,11,0,0,0,0,7,0,0,11,0,0,0,0,0,0.0,0.0,0.0022,0.0,0.0,0.0
69,11,7,0,11,0,0,0,0,7,0,0,11,0,0,0,0,0,0.0,0.0,0.0022,0.0,0.0,0.0
70,11,7,0,11,0,0,0,0,7,0,0,11,0,0,0,0,0,0.0,0.0,0.0022,0.0,0.0,0.0
71,11,7,0,11,0,0,0,0,7,0,0,11,0,0,0,0,0,0.0,0.0,0.0022,0.0,0.0,0.0
72,11,7,0,11,0,0,0,0,7,0,0,11,0,0,0,0,0,0.0,0.0,0.0022,0.0,0.0,0.0
73,11,7,0,11,0,0,0,0,7,0,0,11,0,0,0,0,0,0.0,0.0,0.0022,0.0,0.0,0.0
74,11,7,0,11,0,0,0,0,7,0,0,11,0,0,0,0,0,0.0,0.0,0.0022,0.0,0.0,0.0
75,11,7,0,11,0,0,0,0,7,0,0,11,0,0,0,0,0,0.0,0.0,0.0022,0.0,0.0,0.0
76,11,7,0,11,0,0,0,0,7,0,0,11,0,0,0,0,0,0.0,0.0,0.0022,0.0,0.0,0.0
77,11,7,0,11,0,0,0,0,7,0,0,11,0,0,0,0,0,0.0,0.0,0.0022,0.0,0.0,0.0
78,11,7,0,11,0,0,0,0,7,0,0,11,0,0,0,0,0,0.0,0.0,0.0022,0.0,0.0,0.0
79,11,7,0,11,0,0,0,0,7,0,0,11,0,0,0,0,0,0.0,0.0,0.0022,0.0,0.0,0.0
80,11,7,0,11,0,0,0,0,7,0,0,11,0,0,0,0,0,0.0,0.0,0.0022,0.0,0.0,0.0
81,11,7,0,11,0,0,0,0,7,0,0,11,0,0,0,0,0,0.0,0.0,0.0022,0.0,0.0,0.0
82,11,7,0,11,0,0,0,0,7,0,0,11,0,0,0,0,0,0.0,0.0,0.0022,0.0,0.0,0.0
83,11,7,0,11,0,0,0,0,7,0,0,11,0,0,0,0,0,0.0,0.0,0.0022,0.0,0.0,0.0
84,11,7,0,11,0,0,0,0,7,0,0,11,0,0,0,0,0,0.0,0.0,0.0022,0.0,0.0,0.0
85,11,7,0,11,0,0,0,0,7,0,0,11,0,0,0,0,0,0.0,0.0,0.0022,0.0,0.0,0.0
86,11,7,0,11,0,0,0,0,7,0,0,11,0,0,0,0,0,0.0,0.0,0.0022,0.0,0.0,0.0
87,11,7,0,11,0,0,0,0,7,0,0,11,0,0,0,0,0,0.0,0.0,0.0022,0.0,0.0,0.0
88,11,7,0,11,0,0,0,0,7,0,0,11,0,0,0,0,0,0.0,0.0,0.0022,0.0,0.0,0.0
89,11,7,0,11,0,0,0,0,7,0,0,11,0,0,0,0,0,0.0,0.0,0.0022,0.0,0.0,0.0
90,11,7,0,11,0,0,0,0,7,0,0,11,0,0,0,0,0,0.0,0.0,0.0022,0.0,0.0,0.0
91,11,7,0,11,0,0,0,0,7,0,0,11,0,0,0,0,0,0.0,0.0,0.0022,0.0,0.0,0.0
92,11,7,0,11,0,0,0,0,7,0,0,11,0,0,0,0,0,0.0,0.0,0.0022,0.0,0.0,0.0
93,11,7,0,11,0,0,0,0,7,0,0,11,0,0,0,0,0,0.0,0.0,0.0022,0.0,0.0,0.0
94,11,7,0,11,0,0,0,0,7,0,0,11,0,0,0,0,0,0.0,0.0,0.0022,0.0,0.0,0.0
95,11,7,0,11,0,0,0,0,7,0,0,11,0,0,0,0,0,0.0,0.0,0.0022,0.0,0.0,0.0
96,11,7,0,11,0,0,0,0,7,0,0,11,0,0,0,0,0,0.0,0.0,0.0022,0.0,0.0,0.0
97,11,7,0,11,0,0,0,0,7,0,0,11,0,0,0,0,0,0.0,0.0,0.0022,0.0,0.0,0.0
98,11,7,0,11,0,0,0,0,7,0,0,11,0,0,0,0,0,0.0,0.0,0.0022,0.0,0.0,0.0
99,11,7,0,11,0,0,0,0,7,0,0,11,0,0,0,0,0,0.0,0.0,0.0022,0.0,0.0,0.0
100,11,7,0,11,0,0,0,0,7,0,0,11,0,0,0,0,0,0.0,0.0,0.0022,0.0,0.0,0.0
101,11,7,0,11,0,0,0,0,7,0,0,11,0,0,0,0,0,0.0,0.0,0.0022,0.0,0.0,0.0
102,11,7,0,11,0,0,0,0,7,0,0,11,0,0,0,0,0,0.0,0.0,0.0022,0.0,0.0,0.0
103,11,7,0,11,0,0,0,0,7,0,0,11,0,0,0,0,0,0.0,0.0,0.0022,0.0,0.0,0.0
104,11,7,0,11,0,0,0,0,7,0,0,11,0,0,0,0,0,0.0,0.0,0.0022,0.0,0.0,0.0
105,11,7,0,11,0,0,0,0,7,0,0,11,0,0,0,0,0,0.0,0.0,0.0022,0.0,0.0,0.0
106,11,7,0,11,0,0,0,0,7,0,0,11,0,0,0,0,0,0.0,0.0,0.0022,0.0,0.0,0.0
107,11,7,0,11,0,0,0,0,7,0,0,11,0,0,0,0,0,0.0,0.0,0.0022,0.0,0.0,0.0
108,11,7,0,11,0,0,0,0,7,0,0,11,0,0,0,0,0,0.0,0.0,0.0022,0.0,0.0,0.0
109,11,7,0,11,0,0,0,0,7,0,0,11,0,0,0,0,0,0.0,0.0,0.0022,0.0,0.0,0.0
110,11,7,0,11,0,0,0,0,7,0,0,11,0,0,0,0,0,0.0,0.0,0.0022,0.0,0.0,0.0
111,11,7,0,11,0,0,0,0,7,0,0,11,0,0,0,0,0,0.0,0.0,0.0022,0.0,0.0,0.0
112,11,7,0,11,0,0,0,0,7,0,0,11,0,0,0,0,0,0.0,0.0,0.0022,0.0,0.0,0.0
113,11,7,0,11,0,0,0,0,7,0,0,11,0,0,0,0,0,0.0,0.0,0.0022,0.0,0.0,0.0
114,11,7,0,11,0,0,0,0,7,0,0,11,0,0,0,0,0,0.0,0.0,0.0022,0.0,0.0,0.0
115,11,7,0,11,0,0,0,0,7,0,0,11,0,0,0,0,0,0.0,0.0,0.0022,0.0,0.0,0.0
116,11,7,0,11,0,0,0,0,7,0,0,11,0,0,0,0,0,0.0,0.0,0.0022,0.0,0.0,0.0
117,11,7,0,11,0,0,0,0,7,0,0,11,0,0,0,0,0,0.0,0.0,0.0022,0.0,0.0,0.0
118,11,7,0,11,0,0,0,0,7,0,0,11,0,0,0,0,0,0.0,0.0,0.0022,0.0,0.0,0.0
119,11,7,0,11,0,0,0,0,7,0,0,11,0,0,0,0,0,0.0,0.0,0.0022,0.0,0.0,0.0
120,11,7,0,11,0,0,0,0,7,0,0,11,0,0,0,0,0,0.0,0.0,0.0022,0.0,0.0,0.0
121,11,7,0,11,0,0,0,0,7,0,0,11,0,0,0,0,0,0.0,0.0,0.0022,0.0,0.0,0.0
122,11,7,0,11,0,0,0,0,7,0,0,11,0,0,0,0,0,0.0,0.0,0.0022,0.0,0.0,0.0
123,11,7,0,11,0,0,0,0,7,0,0,11,0,0,0,0,0,0.0,0.0,0.0022,0.0,0.0,0.0
124,11,7,0,11,0,0,0,0,7,0,0,11,0,0,0,0,0,0.0,0.0,0.0022,0.0,0.0,0.0
125,11,7,0,11,0,0,0,0,7,0,0,11,0,0,0,0,0,0.0,0.0,0.0022,0.0,0.0,0.0
126,11,7,0,11,0,0,0,0,7,0,0,11,0,0,0,0,0,0.0,0.0,0.0022,0.0,0.0,0.0
127,11,7,0,11,0,0,0,0,7,0,0,11,0,0,0,0,0,0.0,0.0,0.0022,0.0,0.0,0.0
128,11,7,0,11,0,0,0,0,7,0,0,11,0,0,0,0,0,0.0,0.0,0.0022,0.0,0.0,0.0
129,11,7,0,11,0,0,0,0,7,0,0,11,0,0,0,0,0,0.0,0.0,0.0022,0.0,0.0,0.0
130,11,7,0,11,0,0,0,0,7,0,0,11,0,0,0,0,0,0.0,0.0,0.0022,0.0,0.0,0.0
131,11,7,0,11,0,0,0,0,7,0,0,11,0,0,0,0,0,0.0,0.0,0.0022,0.0,0.0,0.0
132,11,7,0,11,0,0,0,0,7,0,0,11,0,0,0,0,0,0.0,0.0,0.0022,0.0,0.0,0.0
133,11,7,0,11,0,0,0,0,7,0,0,11,0,0,0,0,0,0.0,0.0,0.0022,0.0,0.0,0.0
134,11,7,0,11,0,0,0,0,7,0,0,11,0,0,0,0,0,0.0,0.0,0.0022,0.0,0.0,0.0
135,11,7,0,11,0,0,0,0,7,0,0,11,0,0,0,0,0,0.0,0.0,0.0022,0.0,0.0,0.0
136,11,7,0,11,0,0,0,0,7,0,0,11,0,0,0,0,0,0.0,0.0,0.0022,0.0,0.0,0.0
137,11,7,0,11,0,0,0,0,7,0,0,11,0,0,0,0,0,0.0,0.0,0.0022,0.0,0.0,0.0
138,11,7,0,11,0,0,0,0,7,0,0,11,0,0,0,0,0,0.0,0.0,0.0022,0.0,0.0,0.0
139,11,7,0,11,0,0,0,0,7,0,0,11,0,0,0,0,0,0.0,0.0,0.0022,0.0,0.0,0.0
140,11,7,0,11,0,0,0,0,7,0,0,11,0,0,0,0,0,0.0,0.0,0.0022,0.0,0.0,0.0
141,11,7,0,11,0,0,0,0,7,0,0,11,0,0,0,0,0,0.0,0.0,0.0022,0.0,0.0,0.0
142,11,7,0,11,0,0,0,0,7,0,0,11,0,0,0,0,0,0.0,0.0,0.0022,0.0,0.0,0.0
143,11,7,0,11,0,0,0,0,7,0,0,11,0,0,0,0,0,0.0,0.0,0.0022,0.0,0.0,0.0
144,11,7,0,11,0,0,0,0,7,0,0,11,0,0,0,0,0,0.0,0.0,0.0022,0.0,0.0,0.0
145,11,7,0,11,0,0,0,0,7,0,0,11,0,0,0,0,0,0.0,0.0,0.0022,0.0,0.0,0.0
146,11,7,0,11,0,0,0,0,7,0,0,11,0,0,0,0,0,0.0,0.0,0.0022,0.0,0.0,0.0
147,11,7,0,11,0,0,0,0,7,0,0,11,0,0,0,0,0,0.0,0.0,0.0022,0.0,0.0,0.0
148,11,7,0,11,0,0,0,0,7,0,0,11,0,0,0,0,0,0.0,0.0,0.0022,0.0,0.0,0.0
149,11,7,0,11,0,0,0,0,7,0,0,11,0,0,0,0,0,0.0,0.0,0.0022,0.0,0.0,0.0
150,11,7,0,11,0,0,0,0,7,0,0,11,0,0,0,0,0,0.0,0.0,0.0022,0.0,0.0,0.0
151,11,7,0,11,0,0,0,0,7,0,0,11,0,0,0,0,0,0.0,0.0,0.0022,0.0,0.0,0.0
152,11,7,0,11,0,0,0,0,7,0,0,11,0,0,0,0,0,0.0,0.0,0.0022,0.0,0.0,0.0
153,11,7,0,11,0,0,0,0,7,0,0,11,0,0,0,0,0,0.0,0.0,0.0022,0.0,0.0,0.0
154,11,7,0,11,0,0,0,0,7,0,0,11,0,0,0,0,0,0.0,0.0,0.0022,0.0,0.0,0.0
155,11,7,0,11,0,0,0,0,7,0,0,11,0,0,0,0,0,0.0,0.0,0.0022,0.0,0.0,0.0
156,11,7,0,11,0,0,0,0,7,0,0,11,0,0,0,0,0,0.0,0.0,0.0022,0.0,0.0,0.0
157,11,7,0,11,0,0,0,0,7,0,0,11,0,0,0,0,0,0.0,0.0,0.0022,0.0,0.0,0.0
158,11,7,0,11,0,0,0,0,7,0,0,11,0,0,0,0,0,0.0,0.0,0.0022,0.0,0.0,0.0
159,11,7,0,11,0,0,0,0,7,0,0,11,0,0,0,0,0,0.0,0.0,0.0022,0.0,0.0,0.0
160,11,7,0,11,0,0,0,0,7,0,0,11,0,0,0,0,0,0.0,0.0,0.0022,0.0,0.0,0.0
161,11,7,0,11,0,0,0,0,7,0,0,11,0,0,0,0,0,0.0,0.0,0.0022,0.0,0.0,0.0
162,11,7,0,11,0,0,0,0,7,0,0,11,0,0,0,0,0,0.0,0.0,0.0022,0.0,0.0,0.0
163,11,7,0,11,0,0,0,0,7,0,0,11,0,0,0,0,0,0.0,0.0,0.0022,0.0,0.0,0.0
164,11,7,0,11,0,0,0,0,7,0,0,11,0,0,0,0,0,0.0,0.0,0.0022,0.0,0.0,0.0
165,11,7,0,11,0,0,0,0,7,0,0,11,0,0,0,0,0,0.0,0.0,0.0022,0.0,0.0,0.0
166,11,7,0,11,0,0,0,0,7,0,0,11,0,0,0,0,0,0.0,0.0,0.0022,0.0,0.0,0.0
167,11,7,0,11,0,0,0,0,7,0,0,11,0,0,0,0,0,0.0,0.0,0.0022,0.0,0.0,0.0
168,11,7,0,11,0,0,0,0,7,0,0,11,0,0,0,0,0,0.0,0.0,0.0022,0.0,0.0,0.0
169,11,7,0,11,0,0,0,0,7,0,0,11,0,0,0,0,0,0.0,0.0,0.0022,0.0,0.0,0.0
170,11,7,0,11,0,0,0,0,7,0,0,11,0,0,0,0,0,0.0,0.0,0.0022,0.0,0.0,0.0
171,11,7,0,11,0,0,0,0,7,0,0,11,0,0,0,0,0,0.0,0.0,0.0022,0.0,0.0,0.0
172,11,7,0,11,0,0,0,0,7,0,0,11,0,0,0,0,0,0.0,0.0,0.0022,0.0,0.0,0.0
173,11,7,0,11,0,0,0,0,7,0,0,11,0,0,0,0,0,0.0,0.0,0.0022,0.0,0.0,0.0
174,11,7,0,11,0,0,0,0,7,0,0,11,0,0,0,0,0,0.0,0.0,0.0022,0.0,0.0,0.0
175,11,7,0,11,0,0,0,0,7,0,0,11,0,0,0,0,0,0.0,0.0,0.0022,0.0,0.0,0.0
176,11,7,0,11,0,0,0,0,7,0,0,11,0,0,0,0,0,0.0,0.0,0.0022,0.0,0.0,0.0
177,11,7,0,11,0,0,0,0,7,0,0,11,0,0,0,0,0,0.0,0.0,0.0022,0.0,0.0,0.0
178,11,7,0,11,0,0,0,0,7,0,0,11,0,0,0,0,0,0.0,0.0,0.0022,0.0,0.0,0.0
179,11,7,0,11,0,0,0,0,7,0,0,11,0,0,0,0,0,0.0,0.0,0.0022,0.0,0.0,0.0
180,11,7,0,11,0,0,0,0,7,0,0,11,0,0,0,0,0,0.0,0.0,0.0022,0.0,0.0,0.0
181,11,7,0,11,0,0,0,0,7,0,0,11,0,0,0,0,0,0.0,0.0,0.0022,0.0,0.0,0.0
182,11,7,0,11,0,0,0,0,7,0,0,11,0,0,0,0,0,0.0,0.0,0.0022,0.0,0.0,0.0
183,11,7,0,11,0,0,0,0,7,0,0,11,0,0,0,0,0,0.0,0.0,0.0022,0.0,0.0,0.0
184,11,7,0,11,0,0,0,0,7,0,0,11,0,0,0,0,0,0.0,0.0,0.0022,0.0,0.0,0.0
185,11,7,0,11,0,0,0,0,7,0,0,11,0,0,0,0,0,0.0,0.0,0.0022,0.0,0.0,0.0
186,11,7,0,11,0,0,0,0,7,0,0,11,0,0,0,0,0,0.0,0.0,0.0022,0.0,0.0,0.0
187,11,7,0,11,0,0,0,0,7,0,0,11,0,0,0,0,0,0.0,0.0,0.0022,0.0,0.0,0.0
188,11,7,0,11,0,0,0,0,7,0,0,11,0,0,0,0,0,0.0,0.0,0.0022,0.0,0.0,0.0
189,11,7,0,11,0,0,0,0,7,0,0,11,0,0,0,0,0,0.0,0.0,0.0022,0.0,0.0,0.0
190,11,7,0,11,0,0,0,0,7,0,0,11,0,0,0,0,0,0.0,0.0,0.0022,0.0,0.0,0.0
191,11,7,0,11,0,0,0,0,7,0,0,11,0,0,0,0,0,0.0,0.0,0.0022,0.0,0.0,0.0
192,11,7,0,11,0,0,0,0,7,0,0,11,0,0,0,0,0,0.0,0.0,0.0022,0.0,0.0,0.0
193,11,7,0,11,0,0,0,0,7,0,0,11,0,0,0,0,0,0.0,0.0,0.0022,0.0,0.0,0.0
194,11,7,0,11,0,0,0,0,7,0,0,11,0,0,0,0,0,0.0,0.0,0.0022,0.0,0.0,0.0
195,11,7,0,11,0,0,0,0,7,0,0,11,0,0,0,0,0,0.0,0.0,0.0022,0.0,0.0,0.0
196,11,7,0,11,0,0,0,0,7,0,0,11,0,0,0,0,0,0.0,0.0,0.0022,0.0,0.0,0.0
197,11,7,0,11,0,0,0,0,7,0,0,11,0,0,0,0,0,0.0,0.0,0.0022,0.0,0.0,0.0
198,11,7,0,11,0,0,0,0,7,0,0,11,0,0,0,0,0,0.0,0.0,0.0022,0.0,0.0,0.0
199,11,7,0,11,0,0,0,0,7,0,0,11,0,0,0,0,0,0.0,0.0,0.0022,0.0,0.0,0.0
200,11,7,0,11,0,0,0,0,7,0,0,11,0,0,0,0,0,0.0,0.0,0.0022,0.0,0.0,0.0
201,11,7,0,11,0,0,0,0,7,0,0,11,0,0,0,0,0,0.0,0.0,0.0022,0.0,0.0,0.0
202,11,7,0,11,0,0,0,0,7,0,0,11,0,0,0,0,0,0.0,0.0,0.0022,0.0,0.0,0.0
203,11,7,0,11,0,0,0,0,7,0,0,11,0,0,0,0,0,0.0,0.0,0.0022,0.0,0.0,0.0
204,11,7,0,11,0,0,0,0,7,0,0,11,0,0,0,0,0,0.0,0.0,0.0022,0.0,0.0,0.0
205,11,7,0,11,0,0,0,0,7,0,0,11,0,0,0,0,0,0.0,0.0,0.0022,0.0,0.0,0.0
206,11,7,0,11,0,0,0,0,7,0,0,11,0,0,0,0,0,0.0,0.0,0.0022,0.0,0.0,0.0
207,11,7,0,11,0,0,0,0,7,0,0,11,0,0,0,0,0,0.0,0.0,0.0022,0.0,0.0,0.0
208,11,7,0,11,0,0,0,0,7,0,0,11,0,0,0,0,0,0.0,0.0,0.0022,0.0,0.0,0.0
209,11,7,0,11,0,0,0,0,7,0,0,11,0,0,0,0,0,0.0,0.0,0.0022,0.0,0.0,0.0
210,11,7,0,11,0,0,0,0,7,0,0,11,0,0,0,0,0,0.0,0.0,0.0022,0.0,0.0,0.0
211,11,7,0,11,0,0,0,0,7,0,0,11,0,0,0,0,0,0.0,0.0,0.0022,0.0,0.0,0.0
212,11,7,0,11,0,0,0,0,7,0,0,11,0,0,0,0,0,0.0,0.0,0.0022,0.0,0.0,0.0
213,11,7,0,11,0,0,0,0,7,0,0,11,0,0,0,0,0,0.0,0.0,0.0022,0.0,0.0,0.0
214,11,7,0,11,0,0,0,0,7,0,0,11,0,0,0,0,0,0.0,0.0,0.0022,0.0,0.0,0.0
215,11,7,0,11,0,0,0,0,7,0,0,11,0,0,0,0,0,0.0,0.0,0.0022,0.0,0.0,0.0
216,11,7,0,11,0,0,0,0,7,0,0,11,0,0,0,0,0,0.0,0.0,0.0022,0.0,0.0,0.0
217,11,7,0,11,0,0,0,0,7,0,0,11,0,0,0,0,0,0.0,0.0,0.0022,0.0,0.0,0.0
218,11,7,0,11,0,0,0,0,7,0,0,11,0,0,0,0,0,0.0,0.0,0.0022,0.0,0.0,0.0
219,11,7,0,11,0,0,0,0,7,0,0,11,0,0,0,0,0,0.0,0.0,0.0022,0.0,0.0,0.0
220,11,7,0,11,0,0,0,0,7,0,0,11,0,0,0,0,0,0.0,0.0,0.0022,0.0,0.0,0.0
221,11,7,0,11,0,0,0,0,7,0,0,11,0,0,0,0,0,0.0,0.0,0.0022,0.0,0.0,0.0
222,11,7,0,11,0,0,0,0,7,0,0,11,0,0,0,0,0,0.0,0.0,0.0022,0.0,0.0,0.0
223,11,7,0,11,0,0,0,0,7,0,0,11,0,0,0,0,0,0.0,0.0,0.0022,0.0,0.0,0.0
224,11,7,0,11,0,0,0,0,7,0,0,11,0,0,0,0,0,0.0,0.0,0.0022,0.0,0.0,0.0
225,11,7,0,11,0,0,0,0,7,0,0,11,0,0,0,0,0,0.0,0.0,0.0022,0.0,0.0,0.0
226,11,7,0,11,0,0,0,0,7,0,0,11,0,0,0,0,0,0.0,0.0,0.0022,0.0,0.0,0.0
227,11,7,0,11,0,0,0,0,7,0,0,11,0,0,0,0,0,0.0,0.0,0.0022,0.0,0.0,0.0
228,11,7,0,11,0,0,0,0,7,0,0,11,0,0,0,0,0,0.0,0.0,0.0022,0.0,0.0,0.0
229,11,7,0,11,0,0,0,0,7,0,0,11,0,0,0,0,0,0.0,0.0,0.0022,0.0,0.0,0.0
230,11,7,0,11,0,0,0,0,7,0,0,11,0,0,0,0,0,0.0,0.0,0.0022,0.0,0.0,0.0
231,11,7,0,11,0,0,0,0,7,0,0,11,0,0,0,0,0,0.0,0.0,0.0022,0.0,0.0,0.0
232,11,7,0,11,0,0,0,0,7,0,0,11,0,0,0,0,0,0.0,0.0,0.0022,0.0,0.0,0.0
233,11,7,0,11,0,0,0,0,7,0,0,11,0,0,0,0,0,0.0,0.0,0.0022,0.0,0.0,0.0
234,11,7,0,11,0,0,0,0,7,0,0,11,0,0,0,0,0,0.0,0.0,0.0022,0.0,0.0,0.0
235,11,7,0,11,0,0,0,0,7,0,0,11,0,0,0,0,0,0.0,0.0,0.0022,0.0,0.0,0.0
236,11,7,0,11,0,0,0,0,7,0,0,11,0,0,0,0,0,0.0,0.0,0.0022,0.0,0.0,0.0
237,11,7,0,11,0,0,0,0,7,0,0,11,0,0,0,0,0,0.0,0.0,0.0022,0.0,0.0,0.0
238,11,7,0,11,0,0,0,0,7,0,0,11,0,0,0,0,0,0.0,0.0,0.0022,0.0,0.0,0.0
239,11,7,0,11,0,0,0,0,7,0,0,11,0,0,0,0,0,0.0,0.0,0.0022,0.0,0.0,0.0
240,11,7,0,11,0,0,0,0,7,0,0,11,0,0,0,0,0,0.0,0.0,0.0022,0.0,0.0,0.0
241,11,7,0,11,0,0,0,0,7,0,0,11,0,0,0,0,0,0.0,0.0,0.0022,0.0,0.0,0.0
242,11,7,0,11,0,0,0,0,7,0,0,11,0,0,0,0,0,0.0,0.0,0.0022,0.0,0.0,0.0
243,11,7,0,11,0,0,0,0,7,0,0,11,0,0,0,0,0,0.0,0.0,0.0022,0.0,0.0,0.0
244,11,7,0,11,0,0,0,0,7,0,0,11,0,0,0,0,0,0.0,0.0,0.0022,0.0,0.0,0.0
245,11,7,0,11,0,0,0,0,7,0,0,11,0,0,0,0,0,0.0,0.0,0.0022,0.0,0.0,0.0
246,11,7,0,11,0,0,0,0,7,0,0,11,0,0,0,0,0,0.0,0.0,0.0022,0.0,0.0,0.0
247,11,7,0,11,0,0,0,0,7,0,0,11,0,0,0,0,0,0.0,0.0,0.0022,0.0,0.0,0.0
248,11,7,0,11,0,0,0,0,7,0,0,11,0,0,0,0,0,0.0,0.0,0.0022,0.0,0.0,0.0
249,11,7,0,11,0,0,0,0,7,0,0,11,0,0,0,0,0,0.0,0.0,0.0022,0.0,0.0,0.0
250,11,7,0,11,0,0,0,0,7,0,0,11,0,0,0,0,0,0.0,0.0,0.0022,0.0,0.0,0.0
251,11,7,0,11,0,0,0,0,7,0,0,11,0,0,0,0,0,0.0,0.0,0.0022,0.0,0.0,0.0
252,11,7,0,11,0,0,0,0,7,0,0,11,0,0,0,0,0,0.0,0.0,0.0022,0.0,0.0,0.0
253,11,7,0,11,0,0,0,0,7,0,0,11,0,0,0,0,0,0.0,0.0,0.0022,0.0,0.0,0.0
254,11,7,0,11,0,0,0,0,7,0,0,11,0,0,0,0,0,0.0,0.0,0.0022,0.0,0.0,0.0
255,11,7,0,11,0,0,0,0,7,0,0,11,0,0,0,0,0,0.0,0.0,0.0022,0.0,0.0,0.0
256,11,7,0,11,0,0,0,0,7,0,0,11,0,0,0,0,0,0.0,0.0,0.0022,0.0,0.0,0.0
257,11,7,0,11,0,0,0,0,7,0,0,11,0,0,0,0,0,0.0,0.0,0.0022,0.0,0.0,0.0
258,11,7,0,11,0,0,0,0,7,0,0,11,0,0,0,0,0,0.0,0.0,0.0022,0.0,0.0,0.0
259,11,7,0,11,0,0,0,0,7,0,0,11,0,0,0,0,0,0.0,0.0,0.0022,0.0,0.0,0.0
260,11,7,0,11,0,0,0,0,7,0,0,11,0,0,0,0,0,0.0,0.0,0.0022,0.0,0.0,0.0
261,11,7,0,11,0,0,0,0,7,0,0,11,0,0,0,0,0,0.0,0.0,0.0022,0.0,0.0,0.0
262,11,7,0,11,0,0,0,0,7,0,0,11,0,0,0,0,0,0.0,0.0,0.0022,0.0,0.0,0.0
263,11,7,0,11,0,0,0,0,7,0,0,11,0,0,0,0,0,0.0,0.0,0.0022,0.0,0.0,0.0
264,11,7,0,11,0,0,0,0,7,0,0,11,0,0,0,0,0,0.0,0.0,0.0022,0.0,0.0,0.0
265,11,7,0,11,0,0,0,0,7,0,0,11,0,0,0,0,0,0.0,0.0,0.0022,0.0,0.0,0.0
266,11,7,0,11,0,0,0,0,7,0,0,11,0,0,0,0,0,0.0,0.0,0.0022,0.0,0.0,0.0
267,11,7,0,11,0,0,0,0,7,0,0,11,0,0,0,0,0,0.0,0.0,0.0022,0.0,0.0,0.0
268,11,7,0,11,0,0,0,0,7,0,0,11,0,0,0,0,0,0.0,0.0,0.0022,0.0,0.0,0.0
269,11,7,0,11,0,0,0,0,7,0,0,11,0,0,0,0,0,0.0,0.0,0.0022,0.0,0.0,0.0
270,11,7,0,11,0,0,0,0,7,0,0,11,0,0,0,0,0,0.0,0.0,0.0022,0.0,0.0,0.0
271,11,7,0,11,0,0,0,0,7,0,0,11,0,0,0,0,0,0.0,0.0,0.0022,0.0,0.0,0.0
272,11,7,0,11,0,0,0,0,7,0,0,11,0,0,0,0,0,0.0,0.0,0.0022,0.0,0.0,0.0
273,11,7,0,11,0,0,0,0,7,0,0,11,0,0,0,0,0,0.0,0.0,0.0022,0.0,0.0,0.0
274,11,7,0,11,0,0,0,0,7,0,0,11,0,0,0,0,0,0.0,0.0,0.0022,0.0,0.0,0.0
275,11,7,0,11,0,0,0,0,7,0,0,11,0,0,0,0,0,0.0,0.0,0.0022,0.0,0.0,0.0
276,11,7,0,11,0,0,0,0,7,0,0,11,0,0,0,0,0,0.0,0.0,0.0022,0.0,0.0,0.0
277,11,7,0,11,0,0,0,0,7,0,0,11,0,0,0,0,0,0.0,0.0,0.0022,0.0,0.0,0.0
278,11,7,0,11,0,0,0,0,7,0,0,11,0,0,0,0,0,0.0,0.0,0.0022,0.0,0.0,0.0
279,11,7,0,11,0,0,0,0,7,0,0,11,0,0,0,0,0,0.0,0.0,0.0022,0.0,0.0,0.0
280,11,7,0,11,0,0,0,0,7,0,0,11,0,0,0,0,0,0.0,0.0,0.0022,0.0,0.0,0.0
281,11,7,0,11,0,0,0,0,7,0,0,11,0,0,0,0,0,0.0,0.0,0.0022,0.0,0.0,0.0
282,11,7,0,11,0,0,0,0,7,0,0,11,0,0,0,0,0,0.0,0.0,0.0022,0.0,0.0,0.0
283,11,7,0,11,0,0,0,0,7,0,0,11,0,0,0,0,0,0.0,0.0,0.0022,0.0,0.0,0.0
284,11,7,0,11,0,0,0,0,7,0,0,11,0,0,0,0,0,0.0,0.0,0.0022,0.0,0.0,0.0
285,11,7,0,11,0,0,0,0,7,0,0,11,0,0,0,0,0,0.0,0.0,0.0022,0.0,0.0,0.0
286,11,7,0,11,0,0,0,0,7,0,0,11,0,0,0,0,0,0.0,0.0,0.0022,0.0,0.0,0.0
287,11,7,0,11,0,0,0,0,7,0,0,11,0,0,0,0,0,0.0,0.0,0.0022,0.0,0.0,0.0
288,11,7,0,11,0,0,0,0,7,0,0,11,0,0,0,0,0,0.0,0.0,0.0022,0.0,0.0,0.0
289,11,7,0,11,0,0,0,0,7,0,0,11,0,0,0,0,0,0.0,0.0,0.0022,0.0,0.0,0.0
290,11,7,0,11,0,0,0,0,7,0,0,11,0,0,0,0,0,0.0,0.0,0.0022,0.0,0.0,0.0
291,11,7,0,11,0,0,0,0,7,0,0,11,0,0,0,0,0,0.0,0.0,0.0022,0.0,0.0,0.0
292,11,7,0,11,0,0,0,0,7,0,0,11,0,0,0,0,0,0.0,0.0,0.0022,0.0,0.0,0.0
293,11,7,0,11,0,0,0,0,7,0,0,11,0,0,0,0,0,0.0,0.0,0.0022,0.0,0.0,0.0
294,11,7,0,11,0,0,0,0,7,0,0,11,0,0,0,0,0,0.0,0.0,0.0022,0.0,0.0,0.0
295,11,7,0,11,0,0,0,0,7,0,0,11,0,0,0,0,0,0.0,0.0,0.0022,0.0,0.0,0.0
296,11,7,0,11,0,0,0,0,7,0,0,11,0,0,0,0,0,0.0,0.0,0.0022,0.0,0.0,0.0
297,11,7,0,11,0,0,0,0,7,0,0,11,0,0,0,0,0,0.0,0.0,0.0022,0.0,0.0,0.0
298,11,7,0,11,0,0,0,0,7,0,0,11,0,0,0,0,0,0.0,0.0,0.0022,0.0,0.0,0.0
299,11,7,0,11,0,0,0,0,7,0,0,11,0,0,0,0,0,0.0,0.0,0.0022,0.0,0.0,0.0
300,11,7,0,11,0,0,0,0,7,0,0,11,0,0,0,0,0,0.0,0.0,0.0022,0.0,0.0,0.0
301,11,7,0,11,0,0,0,0,7,0,0,11,0,0,0,0,0,0.0,0.0,0.0022,0.0,0.0,0.0
302,11,7,0,11,0,0,0,0,7,0,0,11,0,0,0,0,0,0.0,0.0,0.0022,0.0,0.0,0.0
303,11,7,0,11,0,0,0,0,7,0,0,11,0,0,0,0,0,0.0,0.0,0.0022,0.0,0.0,0.0
304,11,7,0,11,0,0,0,0,7,0,0,11,0,0,0,0,0,0.0,0.0,0.0022,0.0,0.0,0.0
305,11,7,0,11,0,0,0,0,7,0,0,11,0,0,0,0,0,0.0,0.0,0.0022,0.0,0.0,0.0
306,11,7,0,11,0,0,0,0,7,0,0,11,0,0,0,0,0,0.0,0.0,0.0022,0.0,0.0,0.0
307,11,7,0,11,0,0,0,0,7,0,0,11,0,0,0,0,0,0.0,0.0,0.0022,0.0,0.0,0.0
308,11,7,0,11,0,0,0,0,7,0,0,11,0,0,0,0,0,0.0,0.0,0.0022,0.0,0.0,0.0
309,11,7,0,11,0,0,0,0,7,0,0,11,0,0,0,0,0,0.0,0.0,0.0022,0.0,0.0,0.0
310,11,7,0,11,0,0,0,0,7,0,0,11,0,0,0,0,0,0.0,0.0,0.0022,0.0,0.0,0.0
311,11,7,0,11,0,0,0,0,7,0,0,11,0,0,0,0,0,0.0,0.0,0.0022,0.0,0.0,0.0
312,11,7,0,11,0,0,0,0,7,0,0,11,0,0,0,0,0,0.0,0.0,0.0022,0.0,0.0,0.0
313,11,7,0,11,0,0,0,0,7,0,0,11,0,0,0,0,0,0.0,0.0,0.0022,0.0,0.0,0.0
314,11,7,0,11,0,0,0,0,7,0,0,11,0,0,0,0,0,0.0,0.0,0.0022,0.0,0.0,0.0
315,11,7,0,11,0,0,0,0,7,0,0,11,0,0,0,0,0,0.0,0.0,0.0022,0.0,0.0,0.0
316,11,7,0,11,0,0,0,0,7,0,0,11,0,0,0,0,0,0.0,0.0,0.0022,0.0,0.0,0.0
317,11,7,0,11,0,0,0,0,7,0,0,11,0,0,0,0,0,0.0,0.0,0.0022,0.0,0.0,0.0
318,11,7,0,11,0,0,0,0,7,0,0,11,0,0,0,0,0,0.0,0.0,0.0022,0.0,0.0,0.0
319,11,7,0,11,0,0,0,0,7,0,0,11,0,0,0,0,0,0.0,0.0,0.0022,0.0,0.0,0.0
320,11,7,0,11,0,0,0,0,7,0,0,11,0,0,0,0,0,0.0,0.0,0.0022,0.0,0.0,0.0
321,11,7,0,11,0,0,0,0,7,0,0,11,0,0,0,0,0,0.0,0.0,0.0022,0.0,0.0,0.0
322,11,7,0,11,0,0,0,0,7,0,0,11,0,0,0,0,0,0.0,0.0,0.0022,0.0,0.0,0.0
323,11,7,0,11,0,0,0,0,7,0,0,11,0,0,0,0,0,0.0,0.0,0.0022,0.0,0.0,0.0
324,11,7,0,11,0,0,0,0,7,0,0,11,0,0,0,0,0,0.0,0.0,0.0022,0.0,0.0,0.0
325,11,7,0,11,0,0,0,0,7,0,0,11,0,0,0,0,0,0.0,0.0,0.0022,0.0,0.0,0.0
326,11,7,0,11,0,0,0,0,7,0,0,11,0,0,0,0,0,0.0,0.0,0.0022,0.0,0.0,0.0
327,11,7,0,11,0,0,0,0,7,0,0,11,0,0,0,0,0,0.0,0.0,0.0022,0.0,0.0,0.0
328,11,7,0,11,0,0,0,0,7,0,0,11,0,0,0,0,0,0.0,0.0,0.0022,0.0,0.0,0.0
329,11,7,0,11,0,0,0,0,7,0,0,11,0,0,0,0,0,0.0,0.0,0.0022,0.0,0.0,0.0
330,11,7,0,11,0,0,0,0,7,0,0,11,0,0,0,0,0,0.0,0.0,0.0022,0.0,0.0,0.0
331,11,7,0,11,0,0,0,0,7,0,0,11,0,0,0,0,0,0.0,0.0,0.0022,0.0,0.0,0.0
332,11,7,0,11,0,0,0,0,7,0,0,11,0,0,0,0,0,0.0,0.0,0.0022,0.0,0.0,0.0
333,11,7,0,11,0,0,0,0,7,0,0,11,0,0,0,0,0,0.0,0.0,0.0022,0.0,0.0,0.0
334,11,7,0,11,0,0,0,0,7,0,0,11,0,0,0,0,0,0.0,0.0,0.0022,0.0,0.0,0.0
335,11,7,0,11,0,0,0,0,7,0,0,11,0,0,0,0,0,0.0,0.0,0.0022,0.0,0.0,0.0
336,11,7,0,11,0,0,0,0,7,0,0,11,0,0,0,0,0,0.0,0.0,0.0022,0.0,0.0,0.0
337,11,7,0,11,0,0,0,0,7,0,0,11,0,0,0,0,0,0.0,0.0,0.0022,0.0,0.0,0.0
338,11,7,0,11,0,0,0,0,7,0,0,11,0,0,0,0,0,0.0,0.0,0.0022,0.0,0.0,0.0
339,11,7,0,11,0,0,0,0,7,0,0,11,0,0,0,0,0,0.0,0.0,0.0022,0.0,0.0,0.0
340,11,7,0,11,0,0,0,0,7,0,0,11,0,0,0,0,0,0.0,0.0,0.0022,0.0,0.0,0.0
341,11,7,0,11,0,0,0,0,7,0,0,11,0,0,0,0,0,0.0,0.0,0.0022,0.0,0.0,0.0
342,11,7,0,11,0,0,0,0,7,0,0,11,0,0,0,0,0,0.0,0.0,0.0022,0.0,0.0,0.0
343,11,7,0,11,0,0,0,0,7,0,0,11,0,0,0,0,0,0.0,0.0,0.0022,0.0,0.0,0.0
344,11,7,0,11,0,0,0,0,7,0,0,11,0,0,0,0,0,0.0,0.0,0.0022,0.0,0.0,0.0
345,11,7,0,11,0,0,0,0,7,0,0,11,0,0,0,0,0,0.0,0.0,0.0022,0.0,0.0,0.0
346,11,7,0,11,0,0,0,0,7,0,0,11,0,0,0,0,0,0.0,0.0,0.0022,0.0,0.0,0.0
347,11,7,0,11,0,0,0,0,7,0,0,11,0,0,0,0,0,0.0,0.0,0.0022,0.0,0.0,0.0
348,11,7,0,11,0,0,0,0,7,0,0,11,0,0,0,0,0,0.0,0.0,0.0022,0.0,0.0,0.0
349,11,7,0,11,0,0,0,0,7,0,0,11,0,0,0,0,0,0.0,0.0,0.0022,0.0,0.0,0.0
350,11,7,0,11,0,0,0,0,7,0,0,11,0,0,0,0,0,0.0,0.0,0.0022,0.0,0.0,0.0
351,11,7,0,11,0,0,0,0,7,0,0,11,0,0,0,0,0,0.0,0.0,0.0022,0.0,0.0,0.0
352,11,7,0,11,0,0,0,0,7,0,0,11,0,0,0,0,0,0.0,0.0,0.0022,0.0,0.0,0.0
353,11,7,0,11,0,0,0,0,7,0,0,11,0,0,0,0,0,0.0,0.0,0.0022,0.0,0.0,0.0
354,11,7,0,11,0,0,0,0,7,0,0,11,0,0,0,0,0,0.0,0.0,0.0022,0.0,0.0,0.0
355,11,7,0,11,0,0,0,0,7,0,0,11,0,0,0,0,0,0.0,0.0,0.0022,0.0,0.0,0.0
356,11,7,0,11,0,0,0,0,7,0,0,11,0,0,0,0,0,0.0,0.0,0.0022,0.0,0.0,0.0
357,11,7,0,11,0,0,0,0,7,0,0,11,0,0,0,0,0,0.0,0.0,0.0022,0.0,0.0,0.0
358,11,7,0,11,0,0,0,0,7,0,0,11,0,0,0,0,0,0.0,0.0,0.0022,0.0,0.0,0.0
359,11,7,0,11,0,0,0,0,7,0,0,11,0,0,0,0,0,0.0,0.0,0.0022,0.0,0.0,0.0
360,11,7,0,11,0,0,0,0,7,0,0,11,0,0,0,0,0,0.0,0.0,0.0022,0.0,0.0,0.0
