Day,Total infected,Total tested,Total deaths,Total recovered,Infected,Actual tested,In treatment,Infected in A,Tested in A,In treatment in A,Deaths in A,Recovered in A,Infected in B,Tested in B,In treatment in B,Deaths in B,Recovered in B,Known infected %,Infected population %,Population immunity %,Death rate,Total isolated,Isolated
1,7,0,0,0,7,0,0,7,0,0,0,0,0,0,0,0,0,0.0,0.00233,0.0,0.0,0,0
2,10,0,0,0,10,0,0,10,0,0,0,0,0,0,0,0,0,0.0,0.00333,0.0,0.0,0,0
3,12,0,0,0,12,0,0,12,0,0,0,0,0,0,0,0,0,0.0,0.004,0.0,0.0,0,0
4,14,0,0,0,14,0,0,14,0,0,0,0,0,0,0,0,0,0.0,0.00467,0.0,0.0,0,0
5,14,0,0,0,14,0,1,12,0,1,0,0,2,0,0,0,0,0.0,0.00467,0.0,0.0,0,0
6,16,1,0,0,16,1,1,12,1,1,0,0,4,0,0,0,0,0.00033,0.00533,0.0,0.0,0,0
7,16,3,0,0,16,3,2,11,3,2,0,0,5,0,0,0,0,0.001,0.00533,0.0,0.0,0,0
8,19,4,0,2,17,3,1,9,4,1,0,2,8,0,0,0,0,0.001,0.00567,0.00067,0.0,0,0
9,24,5,0,3,21,4,2,10,5,2,0,2,11,0,0,0,1,0.00133,0.007,0.001,0.0,0,0
10,28,5,0,4,24,4,2,14,5,2,0,2,10,0,0,0,2,0.00133,0.008,0.00133,0.0,0,0
11,29,5,0,4,25,4,3,13,5,2,0,2,12,0,1,0,2,0.00133,0.00833,0.00133,0.0,0,0
12,31,7,0,6,25,6,3,14,5,2,0,3,11,2,1,0,3,0.002,0.00833,0.002,0.0,0,0
13,31,7,0,7,24,6,3,13,5,2,0,4,11,2,1,0,3,0.002,0.008,0.00233,0.0,0,0
14,35,7,0,11,24,4,1,13,5,0,0,8,11,2,1,0,3,0.00133,0.008,0.00367,0.0,0,0
15,40,8,0,14,26,3,1,15,6,0,0,9,11,2,1,0,5,0.001,0.00867,0.00467,0.0,0,0
16,42,10,0,14,28,5,1,16,6,0,0,9,12,4,1,0,5,0.00167,0.00933,0.00467,0.0,0,0
17,43,10,0,16,27,5,2,14,6,1,0,11,13,4,1,0,5,0.00167,0.009,0.00533,0.0,0,0
18,44,11,0,19,25,4,2,14,7,1,0,12,11,4,1,0,7,0.00133,0.00833,0.00633,0.0,0,0
19,47,11,0,22,25,3,2,14,7,1,0,13,11,4,1,0,9,0.001,0.00833,0.00733,0.0,0,0
20,49,11,0,22,27,3,2,16,7,1,0,13,11,4,1,0,9,0.001,0.009,0.00733,0.0,0,0
21,54,11,0,23,31,2,2,17,7,2,0,13,14,4,0,0,10,0.00067,0.01033,0.00767,0.0,0,0
22,57,14,0,25,32,5,3,21,10,3,0,14,11,4,0,0,11,0.00167,0.01067,0.00833,0.0,0,0
23,59,17,0,29,30,8,4,20,13,4,0,17,10,4,0,0,12,0.00267,0.01,0.00967,0.0,0,0
24,61,18,0,32,29,7,3,18,14,3,0,20,11,4,0,0,12,0.00233,0.00967,0.01067,0.0,0,0
25,62,18,0,32,30,7,3,19,14,3,0,20,11,4,0,0,12,0.00233,0.01,0.01067,0.0,0,0
26,69,18,0,37,32,6,3,17,14,3,0,24,15,4,0,0,13,0.002,0.01067,0.01233,0.0,0,0
27,75,20,0,37,38,8,4,19,14,4,0,24,19,6,0,0,13,0.00267,0.01267,0.01233,0.0,0,0
28,80,21,1,39,40,6,3,19,14,2,1,26,21,7,1,0,13,0.002,0.01334,0.013,0.0125,0,0
29,84,24,1,46,37,8,3,16,16,2,1,31,21,8,1,0,15,0.00267,0.01234,0.01534,0.0119,0,0
30,88,24,1,49,38,7,3,17,16,2,1,31,21,8,1,0,18,0.00233,0.01267,0.01634,0.01136,0,0
31,97,24,1,51,45,5,3,21,16,2,1,33,24,8,1,0,18,0.00167,0.01501,0.01701,0.01031,0,0
32,101,26,1,52,48,7,3,21,17,2,1,33,27,9,1,0,19,0.00233,0.01601,0.01734,0.0099,0,0
33,107,32,1,56,50,11,3,21,19,2,1,35,29,13,1,0,21,0.00367,0.01667,0.01867,0.00935,0,0
34,108,32,1,57,50,10,4,20,19,3,1,36,30,13,1,0,21,0.00333,0.01667,0.01901,0.00926,0,0
35,110,35,1,60,49,12,3,19,22,2,1,38,30,13,1,0,22,0.004,0.01634,0.02001,0.00909,0,0
36,114,35,1,65,48,9,3,23,22,2,1,38,25,13,1,0,27,0.003,0.01601,0.02167,0.00877,0,0
37,119,36,1,71,47,10,5,20,22,4,1,42,27,14,1,0,29,0.00333,0.01567,0.02367,0.0084,0,0
38,123,41,1,75,47,13,6,22,26,5,1,43,25,15,1,0,32,0.00433,0.01567,0.02501,0.00813,0,0
39,124,47,1,82,41,15,5,19,29,4,1,47,22,18,1,0,35,0.005,0.01367,0.02734,0.00806,0,0
40,125,50,1,87,37,16,4,17,30,3,1,49,20,20,1,0,38,0.00534,0.01234,0.02901,0.008,0,0
41,125,50,1,91,33,13,4,16,30,2,1,50,17,20,2,0,41,0.00433,0.011,0.03034,0.008,0,0
42,125,51,1,98,26,10,2,12,30,1,1,54,14,21,1,0,44,0.00333,0.00867,0.03268,0.008,0,0
43,125,52,1,103,21,8,1,10,30,0,1,56,11,22,1,0,47,0.00267,0.007,0.03434,0.008,0,0
44,126,54,1,104,21,9,1,9,30,0,1,57,12,24,1,0,47,0.003,0.007,0.03468,0.00794,0,0
45,126,54,2,110,14,4,0,6,30,0,1,60,8,24,0,1,50,0.00133,0.00467,0.03669,0.01587,0,0
46,126,54,2,114,10,3,0,5,30,0,1,61,5,24,0,1,53,0.001,0.00334,0.03803,0.01587,0,0
47,127,54,2,115,10,3,0,6,30,0,1,62,4,24,0,1,53,0.001,0.00334,0.03836,0.01575,0,0
48,128,54,2,117,9,2,0,5,30,0,1,63,4,24,0,1,54,0.00067,0.003,0.03903,0.01562,0,0
49,128,54,2,118,8,2,0,5,30,0,1,63,3,24,0,1,55,0.00067,0.00267,0.03936,0.01562,0,0
50,128,55,2,118,8,3,0,5,31,0,1,63,3,24,0,1,55,0.001,0.00267,0.03936,0.01562,0,0
51,128,56,2,121,5,2,0,4,31,0,1,64,1,25,0,1,57,0.00067,0.00167,0.04036,0.01562,0,0
52,128,56,2,122,4,1,0,3,31,0,1,65,1,25,0,1,57,0.00033,0.00133,0.04069,0.01562,0,0
53,128,56,2,122,4,1,0,3,31,0,1,65,1,25,0,1,57,0.00033,0.00133,0.04069,0.01562,0,0
54,128,56,2,123,3,1,0,2,31,0,1,66,1,25,0,1,57,0.00033,0.001,0.04103,0.01562,0,0
55,128,56,2,124,2,0,0,1,31,0,1,67,1,25,0,1,57,0.0,0.00067,0.04136,0.01562,0,0
56,128,56,2,124,2,0,0,1,31,0,1,67,1,25,0,1,57,0.0,0.00067,0.04136,0.01562,0,0
57,128,56,2,125,1,0,0,1,31,0,1,67,0,25,0,1,58,0.0,0.00033,0.04169,0.01562,0,0
58,128,56,2,125,1,0,0,1,31,0,1,67,0,25,0,1,58,0.0,0.00033,0.04169,0.01562,0,0
59,128,56,2,126,0,0,0,0,31,0,1,68,0,25,0,1,58,0.0,0.0,0.04203,0.01562,0,0
60,128,56,2,126,0,0,0,0,31,0,1,68,0,25,0,1,58,0.0,0.0,0.04203,0.01562,0,0
61,128,56,2,126,0,0,0,0,31,0,1,68,0,25,0,1,58,0.0,0.0,0.04203,0.01562,0,0
62,128,56,2,126,0,0,0,0,31,0,1,68,0,25,0,1,58,0.0,0.0,0.04203,0.01562,0,0
63,128,56,2,126,0,0,0,0,31,0,1,68,0,25,0,1,58,0.0,0.0,0.04203,0.01562,0,0
64,128,56,2,126,0,0,0,0,31,0,1,68,0,25,0,1,58,0.0,0.0,0.04203,0.01562,0,0
65,128,56,2,126,0,0,0,0,31,0,1,68,0,25,0,1,58,0.0,0.0,0.04203,0.01562,0,0
66,128,56,2,126,0,0,0,0,31,0,1,68,0,25,0,1,58,0.0,0.0,0.04203,0.01562,0,0
67,128,56,2,126,0,0,0,0,31,0,1,68,0,25,0,1,58,0.0,0.0,0.04203,0.01562,0,0
68,128,56,2,126,0,0,0,0,31,0,1,68,0,25,0,1,58,0.0,0.0,0.04203,0.01562,0,0
69,128,56,2,126,0,0,0,0,31,0,1,68,0,25,0,1,58,0.0,0.0,0.04203,0.01562,0,0
70,128,56,2,126,0,0,0,0,31,0,1,68,0,25,0,1,58,0.0,0.0,0.04203,0.01562,0,0
71,128,56,2,126,0,0,0,0,31,0,1,68,0,25,0,1,58,0.0,0.0,0.04203,0.01562,0,0
72,128,56,2,126,0,0,0,0,31,0,1,68,0,25,0,1,58,0.0,0.0,0.04203,0.01562,0,0
73,128,56,2,126,0,0,0,0,31,0,1,68,0,25,0,1,58,0.0,0.0,0.04203,0.01562,0,0
74,128,56,2,126,0,0,0,0,31,0,1,68,0,25,0,1,58,0.0,0.0,0.04203,0.01562,0,0
75,128,56,2,126,0,0,0,0,31,0,1,68,0,25,0,1,58,0.0,0.0,0.04203,0.01562,0,0
76,128,56,2,126,0,0,0,0,31,0,1,68,0,25,0,1,58,0.0,0.0,0.04203,0.01562,0,0
77,128,56,2,126,0,0,0,0,31,0,1,68,0,25,0,1,58,0.0,0.0,0.04203,0.01562,0,0
78,128,56,2,126,0,0,0,0,31,0,1,68,0,25,0,1,58,0.0,0.0,0.04203,0.01562,0,0
79,128,56,2,126,0,0,0,0,31,0,1,68,0,25,0,1,58,0.0,0.0,0.04203,0.01562,0,0
80,128,56,2,126,0,0,0,0,31,0,1,68,0,25,0,1,58,0.0,0.0,0.04203,0.01562,0,0
81,128,56,2,126,0,0,0,0,31,0,1,68,0,25,0,1,58,0.0,0.0,0.04203,0.01562,0,0
82,128,56,2,126,0,0,0,0,31,0,1,68,0,25,0,1,58,0.0,0.0,0.04203,0.01562,0,0
83,128,56,2,126,0,0,0,0,31,0,1,68,0,25,0,1,58,0.0,0.0,0.04203,0.01562,0,0
84,128,56,2,126,0,0,0,0,31,0,1,68,0,25,0,1,58,0.0,0.0,0.04203,0.01562,0,0
85,128,56,2,126,0,0,0,0,31,0,1,68,0,25,0,1,58,0.0,0.0,0.04203,0.01562,0,0
86,128,56,2,126,0,0,0,0,31,0,1,68,0,25,0,1,58,0.0,0.0,0.04203,0.01562,0,0
87,128,56,2,126,0,0,0,0,31,0,1,68,0,25,0,1,58,0.0,0.0,0.04203,0.01562,0,0
88,128,56,2,126,0,0,0,0,31,0,1,68,0,25,0,1,58,0.0,0.0,0.04203,0.01562,0,0
89,128,56,2,126,0,0,0,0,31,0,1,68,0,25,0,1,58,0.0,0.0,0.04203,0.01562,0,0
90,128,56,2,126,0,0,0,0,31,0,1,68,0,25,0,1,58,0.0,0.0,0.04203,0.01562,0,0
91,128,56,2,126,0,0,0,0,31,0,1,68,0,25,0,1,58,0.0,0.0,0.04203,0.01562,0,0
92,128,56,2,126,0,0,0,0,31,0,1,68,0,25,0,1,58,0.0,0.0,0.04203,0.01562,0,0
93,128,56,2,126,0,0,0,0,31,0,1,68,0,25,0,1,58,0.0,0.0,0.04203,0.01562,0,0
94,128,56,2,126,0,0,0,0,31,0,1,68,0,25,0,1,58,0.0,0.0,0.04203,0.01562,0,0
95,128,56,2,126,0,0,0,0,31,0,1,68,0,25,0,1,58,0.0,0.0,0.04203,0.01562,0,0
96,128,56,2,126,0,0,0,0,31,0,1,68,0,25,0,1,58,0.0,0.0,0.04203,0.01562,0,0
97,128,56,2,126,0,0,0,0,31,0,1,68,0,25,0,1,58,0.0,0.0,0.04203,0.01562,0,0
98,128,56,2,126,0,0,0,0,31,0,1,68,0,25,0,1,58,0.0,0.0,0.04203,0.01562,0,0
99,128,56,2,126,0,0,0,0,31,0,1,68,0,25,0,1,58,0.0,0.0,0.04203,0.01562,0,0
100,128,56,2,126,0,0,0,0,31,0,1,68,0,25,0,1,58,0.0,0.0,0.04203,0.01562,0,0
101,128,56,2,126,0,0,0,0,31,0,1,68,0,25,0,1,58,0.0,0.0,0.04203,0.01562,0,0
102,128,56,2,126,0,0,0,0,31,0,1,68,0,25,0,1,58,0.0,0.0,0.04203,0.01562,0,0
103,128,56,2,126,0,0,0,0,31,0,1,68,0,25,0,1,58,0.0,0.0,0.04203,0.01562,0,0
104,128,56,2,126,0,0,0,0,31,0,1,68,0,25,0,1,58,0.0,0.0,0.04203,0.01562,0,0
105,128,56,2,126,0,0,0,0,31,0,1,68,0,25,0,1,58,0.0,0.0,0.04203,0.01562,0,0
106,128,56,2,126,0,0,0,0,31,0,1,68,0,25,0,1,58,0.0,0.0,0.04203,0.01562,0,0
107,128,56,2,126,0,0,0,0,31,0,1,68,0,25,0,1,58,0.0,0.0,0.04203,0.01562,0,0
108,128,56,2,126,0,0,0,0,31,0,1,68,0,25,0,1,58,0.0,0.0,0.04203,0.01562,0,0
109,128,56,2,126,0,0,0,0,31,0,1,68,0,25,0,1,58,0.0,0.0,0.04203,0.01562,0,0
110,128,56,2,126,0,0,0,0,31,0,1,68,0,25,0,1,58,0.0,0.0,0.04203,0.01562,0,0
111,128,56,2,126,0,0,0,0,31,0,1,68,0,25,0,1,58,0.0,0.0,0.04203,0.01562,0,0
112,128,56,2,126,0,0,0,0,31,0,1,68,0,25,0,1,58,0.0,0.0,0.04203,0.01562,0,0
113,128,56,2,126,0,0,0,0,31,0,1,68,0,25,0,1,58,0.0,0.0,0.04203,0.01562,0,0
114,128,56,2,126,0,0,0,0,31,0,1,68,0,25,0,1,58,0.0,0.0,0.04203,0.01562,0,0
115,128,56,2,126,0,0,0,0,31,0,1,68,0,25,0,1,58,0.0,0.0,0.04203,0.01562,0,0
116,128,56,2,126,0,0,0,0,31,0,1,68,0,25,0,1,58,0.0,0.0,0.04203,0.01562,0,0
117,128,56,2,126,0,0,0,0,31,0,1,68,0,25,0,1,58,0.0,0.0,0.04203,0.01562,0,0
118,128,56,2,126,0,0,0,0,31,0,1,68,0,25,0,1,58,0.0,0.0,0.04203,0.01562,0,0
119,128,56,2,126,0,0,0,0,31,0,1,68,0,25,0,1,58,0.0,0.0,0.04203,0.01562,0,0
120,128,56,2,126,0,0,0,0,31,0,1,68,0,25,0,1,58,0.0,0.0,0.04203,0.01562,0,0
121,128,56,2,126,0,0,0,0,31,0,1,68,0,25,0,1,58,0.0,0.0,0.04203,0.01562,0,0
122,128,56,2,126,0,0,0,0,31,0,1,68,0,25,0,1,58,0.0,0.0,0.04203,0.01562,0,0
123,128,56,2,126,0,0,0,0,31,0,1,68,0,25,0,1,58,0.0,0.0,0.04203,0.01562,0,0
124,128,56,2,126,0,0,0,0,31,0,1,68,0,25,0,1,58,0.0,0.0,0.04203,0.01562,0,0
125,128,56,2,126,0,0,0,0,31,0,1,68,0,25,0,1,58,0.0,0.0,0.04203,0.01562,0,0
126,128,56,2,126,0,0,0,0,31,0,1,68,0,25,0,1,58,0.0,0.0,0.04203,0.01562,0,0
127,128,56,2,126,0,0,0,0,31,0,1,68,0,25,0,1,58,0.0,0.0,0.04203,0.01562,0,0
128,128,56,2,126,0,0,0,0,31,0,1,68,0,25,0,1,58,0.0,0.0,0.04203,0.01562,0,0
129,128,56,2,126,0,0,0,0,31,0,1,68,0,25,0,1,58,0.0,0.0,0.04203,0.01562,0,0
130,128,56,2,126,0,0,0,0,31,0,1,68,0,25,0,1,58,0.0,0.0,0.04203,0.01562,0,0
131,128,56,2,126,0,0,0,0,31,0,1,68,0,25,0,1,58,0.0,0.0,0.04203,0.01562,0,0
132,128,56,2,126,0,0,0,0,31,0,1,68,0,25,0,1,58,0.0,0.0,0.04203,0.01562,0,0
133,128,56,2,126,0,0,0,0,31,0,1,68,0,25,0,1,58,0.0,0.0,0.04203,0.01562,0,0
134,128,56,2,126,0,0,0,0,31,0,1,68,0,25,0,1,58,0.0,0.0,0.04203,0.01562,0,0
135,128,56,2,126,0,0,0,0,31,0,1,68,0,25,0,1,58,0.0,0.0,0.04203,0.01562,0,0
136,128,56,2,126,0,0,0,0,31,0,1,68,0,25,0,1,58,0.0,0.0,0.04203,0.01562,0,0
137,128,56,2,126,0,0,0,0,31,0,1,68,0,25,0,1,58,0.0,0.0,0.04203,0.01562,0,0
138,128,56,2,126,0,0,0,0,31,0,1,68,0,25,0,1,58,0.0,0.0,0.04203,0.01562,0,0
139,128,56,2,126,0,0,0,0,31,0,1,68,0,25,0,1,58,0.0,0.0,0.04203,0.01562,0,0
140,128,56,2,126,0,0,0,0,31,0,1,68,0,25,0,1,58,0.0,0.0,0.04203,0.01562,0,0
141,128,56,2,126,0,0,0,0,31,0,1,68,0,25,0,1,58,0.0,0.0,0.04203,0.01562,0,0
142,128,56,2,126,0,0,0,0,31,0,1,68,0,25,0,1,58,0.0,0.0,0.04203,0.01562,0,0
143,128,56,2,126,0,0,0,0,31,0,1,68,0,25,0,1,58,0.0,0.0,0.04203,0.01562,0,0
144,128,56,2,126,0,0,0,0,31,0,1,68,0,25,0,1,58,0.0,0.0,0.04203,0.01562,0,0
145,128,56,2,126,0,0,0,0,31,0,1,68,0,25,0,1,58,0.0,0.0,0.04203,0.01562,0,0
146,128,56,2,126,0,0,0,0,31,0,1,68,0,25,0,1,58,0.0,0.0,0.04203,0.01562,0,0
147,128,56,2,126,0,0,0,0,31,0,1,68,0,25,0,1,58,0.0,0.0,0.04203,0.01562,0,0
148,128,56,2,126,0,0,0,0,31,0,1,68,0,25,0,1,58,0.0,0.0,0.04203,0.01562,0,0
149,128,56,2,126,0,0,0,0,31,0,1,68,0,25,0,1,58,0.0,0.0,0.04203,0.01562,0,0
150,128,56,2,126,0,0,0,0,31,0,1,68,0,25,0,1,58,0.0,0.0,0.04203,0.01562,0,0
151,128,56,2,126,0,0,0,0,31,0,1,68,0,25,0,1,58,0.0,0.0,0.04203,0.01562,0,0
152,128,56,2,126,0,0,0,0,31,0,1,68,0,25,0,1,58,0.0,0.0,0.04203,0.01562,0,0
153,128,56,2,126,0,0,0,0,31,0,1,68,0,25,0,1,58,0.0,0.0,0.04203,0.01562,0,0
154,128,56,2,126,0,0,0,0,31,0,1,68,0,25,0,1,58,0.0,0.0,0.04203,0.01562,0,0
155,128,56,2,126,0,0,0,0,31,0,1,68,0,25,0,1,58,0.0,0.0,0.04203,0.01562,0,0
156,128,56,2,126,0,0,0,0,31,0,1,68,0,25,0,1,58,0.0,0.0,0.04203,0.01562,0,0
157,128,56,2,126,0,0,0,0,31,0,1,68,0,25,0,1,58,0.0,0.0,0.04203,0.01562,0,0
158,128,56,2,126,0,0,0,0,31,0,1,68,0,25,0,1,58,0.0,0.0,0.04203,0.01562,0,0
159,128,56,2,126,0,0,0,0,31,0,1,68,0,25,0,1,58,0.0,0.0,0.04203,0.01562,0,0
160,128,56,2,126,0,0,0,0,31,0,1,68,0,25,0,1,58,0.0,0.0,0.04203,0.01562,0,0
161,128,56,2,126,0,0,0,0,31,0,1,68,0,25,0,1,58,0.0,0.0,0.04203,0.01562,0,0
162,128,56,2,126,0,0,0,0,31,0,1,68,0,25,0,1,58,0.0,0.0,0.04203,0.01562,0,0
163,128,56,2,126,0,0,0,0,31,0,1,68,0,25,0,1,58,0.0,0.0,0.04203,0.01562,0,0
164,128,56,2,126,0,0,0,0,31,0,1,68,0,25,0,1,58,0.0,0.0,0.04203,0.01562,0,0
165,128,56,2,126,0,0,0,0,31,0,1,68,0,25,0,1,58,0.0,0.0,0.04203,0.01562,0,0
166,128,56,2,126,0,0,0,0,31,0,1,68,0,25,0,1,58,0.0,0.0,0.04203,0.01562,0,0
167,128,56,2,126,0,0,0,0,31,0,1,68,0,25,0,1,58,0.0,0.0,0.04203,0.01562,0,0
168,128,56,2,126,0,0,0,0,31,0,1,68,0,25,0,1,58,0.0,0.0,0.04203,0.01562,0,0
169,128,56,2,126,0,0,0,0,31,0,1,68,0,25,0,1,58,0.0,0.0,0.04203,0.01562,0,0
170,128,56,2,126,0,0,0,0,31,0,1,68,0,25,0,1,58,0.0,0.0,0.04203,0.01562,0,0
171,128,56,2,126,0,0,0,0,31,0,1,68,0,25,0,1,58,0.0,0.0,0.04203,0.01562,0,0
172,128,56,2,126,0,0,0,0,31,0,1,68,0,25,0,1,58,0.0,0.0,0.04203,0.01562,0,0
173,128,56,2,126,0,0,0,0,31,0,1,68,0,25,0,1,58,0.0,0.0,0.04203,0.01562,0,0
174,128,56,2,126,0,0,0,0,31,0,1,68,0,25,0,1,58,0.0,0.0,0.04203,0.01562,0,0
175,128,56,2,126,0,0,0,0,31,0,1,68,0,25,0,1,58,0.0,0.0,0.04203,0.01562,0,0
176,128,56,2,126,0,0,0,0,31,0,1,68,0,25,0,1,58,0.0,0.0,0.04203,0.01562,0,0
177,128,56,2,126,0,0,0,0,31,0,1,68,0,25,0,1,58,0.0,0.0,0.04203,0.01562,0,0
178,128,56,2,126,0,0,0,0,31,0,1,68,0,25,0,1,58,0.0,0.0,0.04203,0.01562,0,0
179,128,56,2,126,0,0,0,0,31,0,1,68,0,25,0,1,58,0.0,0.0,0.04203,0.01562,0,0
180,128,56,2,126,0,0,0,0,31,0,1,68,0,25,0,1,58,0.0,0.0,0.04203,0.01562,0,0
181,128,56,2,126,0,0,0,0,31,0,1,68,0,25,0,1,58,0.0,0.0,0.04203,0.01562,0,0
182,128,56,2,126,0,0,0,0,31,0,1,68,0,25,0,1,58,0.0,0.0,0.04203,0.01562,0,0
183,128,56,2,126,0,0,0,0,31,0,1,68,0,25,0,1,58,0.0,0.0,0.04203,0.01562,0,0
184,128,56,2,126,0,0,0,0,31,0,1,68,0,25,0,1,58,0.0,0.0,0.04203,0.01562,0,0
185,128,56,2,126,0,0,0,0,31,0,1,68,0,25,0,1,58,0.0,0.0,0.04203,0.01562,0,0
186,128,56,2,126,0,0,0,0,31,0,1,68,0,25,0,1,58,0.0,0.0,0.04203,0.01562,0,0
187,128,56,2,126,0,0,0,0,31,0,1,68,0,25,0,1,58,0.0,0.0,0.04203,0.01562,0,0
188,128,56,2,126,0,0,0,0,31,0,1,68,0,25,0,1,58,0.0,0.0,0.04203,0.01562,0,0
189,128,56,2,126,0,0,0,0,31,0,1,68,0,25,0,1,58,0.0,0.0,0.04203,0.01562,0,0
190,128,56,2,126,0,0,0,0,31,0,1,68,0,25,0,1,58,0.0,0.0,0.04203,0.01562,0,0
191,128,56,2,126,0,0,0,0,31,0,1,68,0,25,0,1,58,0.0,0.0,0.04203,0.01562,0,0
192,128,56,2,126,0,0,0,0,31,0,1,68,0,25,0,1,58,0.0,0.0,0.04203,0.01562,0,0
193,128,56,2,126,0,0,0,0,31,0,1,68,0,25,0,1,58,0.0,0.0,0.04203,0.01562,0,0
194,128,56,2,126,0,0,0,0,31,0,1,68,0,25,0,1,58,0.0,0.0,0.04203,0.01562,0,0
195,128,56,2,126,0,0,0,0,31,0,1,68,0,25,0,1,58,0.0,0.0,0.04203,0.01562,0,0
196,128,56,2,126,0,0,0,0,31,0,1,68,0,25,0,1,58,0.0,0.0,0.04203,0.01562,0,0
197,128,56,2,126,0,0,0,0,31,0,1,68,0,25,0,1,58,0.0,0.0,0.04203,0.01562,0,0
198,128,56,2,126,0,0,0,0,31,0,1,68,0,25,0,1,58,0.0,0.0,0.04203,0.01562,0,0
199,128,56,2,126,0,0,0,0,31,0,1,68,0,25,0,1,58,0.0,0.0,0.04203,0.01562,0,0
200,128,56,2,126,0,0,0,0,31,0,1,68,0,25,0,1,58,0.0,0.0,0.04203,0.01562,0,0
201,128,56,2,126,0,0,0,0,31,0,1,68,0,25,0,1,58,0.0,0.0,0.04203,0.01562,0,0
202,128,56,2,126,0,0,0,0,31,0,1,68,0,25,0,1,58,0.0,0.0,0.04203,0.01562,0,0
203,128,56,2,126,0,0,0,0,31,0,1,68,0,25,0,1,58,0.0,0.0,0.04203,0.01562,0,0
204,128,56,2,126,0,0,0,0,31,0,1,68,0,25,0,1,58,0.0,0.0,0.04203,0.01562,0,0
205,128,56,2,126,0,0,0,0,31,0,1,68,0,25,0,1,58,0.0,0.0,0.04203,0.01562,0,0
206,128,56,2,126,0,0,0,0,31,0,1,68,0,25,0,1,58,0.0,0.0,0.04203,0.01562,0,0
207,128,56,2,126,0,0,0,0,31,0,1,68,0,25,0,1,58,0.0,0.0,0.04203,0.01562,0,0
208,128,56,2,126,0,0,0,0,31,0,1,68,0,25,0,1,58,0.0,0.0,0.04203,0.01562,0,0
209,128,56,2,126,0,0,0,0,31,0,1,68,0,25,0,1,58,0.0,0.0,0.04203,0.01562,0,0
210,128,56,2,126,0,0,0,0,31,0,1,68,0,25,0,1,58,0.0,0.0,0.04203,0.01562,0,0
211,128,56,2,126,0,0,0,0,31,0,1,68,0,25,0,1,58,0.0,0.0,0.04203,0.01562,0,0
212,128,56,2,126,0,0,0,0,31,0,1,68,0,25,0,1,58,0.0,0.0,0.04203,0.01562,0,0
213,128,56,2,126,0,0,0,0,31,0,1,68,0,25,0,1,58,0.0,0.0,0.04203,0.01562,0,0
214,128,56,2,126,0,0,0,0,31,0,1,68,0,25,0,1,58,0.0,0.0,0.04203,0.01562,0,0
215,128,56,2,126,0,0,0,0,31,0,1,68,0,25,0,1,58,0.0,0.0,0.04203,0.01562,0,0
216,128,56,2,126,0,0,0,0,31,0,1,68,0,25,0,1,58,0.0,0.0,0.04203,0.01562,0,0
217,128,56,2,126,0,0,0,0,31,0,1,68,0,25,0,1,58,0.0,0.0,0.04203,0.01562,0,0
218,128,56,2,126,0,0,0,0,31,0,1,68,0,25,0,1,58,0.0,0.0,0.04203,0.01562,0,0
219,128,56,2,126,0,0,0,0,31,0,1,68,0,25,0,1,58,0.0,0.0,0.04203,0.01562,0,0
220,128,56,2,126,0,0,0,0,31,0,1,68,0,25,0,1,58,0.0,0.0,0.04203,0.01562,0,0
221,128,56,2,126,0,0,0,0,31,0,1,68,0,25,0,1,58,0.0,0.0,0.04203,0.01562,0,0
222,128,56,2,126,0,0,0,0,31,0,1,68,0,25,0,1,58,0.0,0.0,0.04203,0.01562,0,0
223,128,56,2,126,0,0,0,0,31,0,1,68,0,25,0,1,58,0.0,0.0,0.04203,0.01562,0,0
224,128,56,2,126,0,0,0,0,31,0,1,68,0,25,0,1,58,0.0,0.0,0.04203,0.01562,0,0
225,128,56,2,126,0,0,0,0,31,0,1,68,0,25,0,1,58,0.0,0.0,0.04203,0.01562,0,0
226,128,56,2,126,0,0,0,0,31,0,1,68,0,25,0,1,58,0.0,0.0,0.04203,0.01562,0,0
227,128,56,2,126,0,0,0,0,31,0,1,68,0,25,0,1,58,0.0,0.0,0.04203,0.01562,0,0
228,128,56,2,126,0,0,0,0,31,0,1,68,0,25,0,1,58,0.0,0.0,0.04203,0.01562,0,0
229,128,56,2,126,0,0,0,0,31,0,1,68,0,25,0,1,58,0.0,0.0,0.04203,0.01562,0,0
230,128,56,2,126,0,0,0,0,31,0,1,68,0,25,0,1,58,0.0,0.0,0.04203,0.01562,0,0
231,128,56,2,126,0,0,0,0,31,0,1,68,0,25,0,1,58,0.0,0.0,0.04203,0.01562,0,0
232,128,56,2,126,0,0,0,0,31,0,1,68,0,25,0,1,58,0.0,0.0,0.04203,0.01562,0,0
233,128,56,2,126,0,0,0,0,31,0,1,68,0,25,0,1,58,0.0,0.0,0.04203,0.01562,0,0
234,128,56,2,126,0,0,0,0,31,0,1,68,0,25,0,1,58,0.0,0.0,0.04203,0.01562,0,0
235,128,56,2,126,0,0,0,0,31,0,1,68,0,25,0,1,58,0.0,0.0,0.04203,0.01562,0,0
236,128,56,2,126,0,0,0,0,31,0,1,68,0,25,0,1,58,0.0,0.0,0.04203,0.01562,0,0
237,128,56,2,126,0,0,0,0,31,0,1,68,0,25,0,1,58,0.0,0.0,0.04203,0.01562,0,0
238,128,56,2,126,0,0,0,0,31,0,1,68,0,25,0,1,58,0.0,0.0,0.04203,0.01562,0,0
239,128,56,2,126,0,0,0,0,31,0,1,68,0,25,0,1,58,0.0,0.0,0.04203,0.01562,0,0
240,128,56,2,126,0,0,0,0,31,0,1,68,0,25,0,1,58,0.0,0.0,0.04203,0.01562,0,0
241,128,56,2,126,0,0,0,0,31,0,1,68,0,25,0,1,58,0.0,0.0,0.04203,0.01562,0,0
242,128,56,2,126,0,0,0,0,31,0,1,68,0,25,0,1,58,0.0,0.0,0.04203,0.01562,0,0
243,128,56,2,126,0,0,0,0,31,0,1,68,0,25,0,1,58,0.0,0.0,0.04203,0.01562,0,0
244,128,56,2,126,0,0,0,0,31,0,1,68,0,25,0,1,58,0.0,0.0,0.04203,0.01562,0,0
245,128,56,2,126,0,0,0,0,31,0,1,68,0,25,0,1,58,0.0,0.0,0.04203,0.01562,0,0
246,128,56,2,126,0,0,0,0,31,0,1,68,0,25,0,1,58,0.0,0.0,0.04203,0.01562,0,0
247,128,56,2,126,0,0,0,0,31,0,1,68,0,25,0,1,58,0.0,0.0,0.04203,0.01562,0,0
248,128,56,2,126,0,0,0,0,31,0,1,68,0,25,0,1,58,0.0,0.0,0.04203,0.01562,0,0
249,128,56,2,126,0,0,0,0,31,0,1,68,0,25,0,1,58,0.0,0.0,0.04203,0.01562,0,0
250,128,56,2,126,0,0,0,0,31,0,1,68,0,25,0,1,58,0.0,0.0,0.04203,0.01562,0,0
251,128,56,2,126,0,0,0,0,31,0,1,68,0,25,0,1,58,0.0,0.0,0.04203,0.01562,0,0
252,128,56,2,126,0,0,0,0,31,0,1,68,0,25,0,1,58,0.0,0.0,0.04203,0.01562,0,0
253,128,56,2,126,0,0,0,0,31,0,1,68,0,25,0,1,58,0.0,0.0,0.04203,0.01562,0,0
254,128,56,2,126,0,0,0,0,31,0,1,68,0,25,0,1,58,0.0,0.0,0.04203,0.01562,0,0
255,128,56,2,126,0,0,0,0,31,0,1,68,0,25,0,1,58,0.0,0.0,0.04203,0.01562,0,0
256,128,56,2,126,0,0,0,0,31,0,1,68,0,25,0,1,58,0.0,0.0,0.04203,0.01562,0,0
257,128,56,2,126,0,0,0,0,31,0,1,68,0,25,0,1,58,0.0,0.0,0.04203,0.01562,0,0
258,128,56,2,126,0,0,0,0,31,0,1,68,0,25,0,1,58,0.0,0.0,0.04203,0.01562,0,0
259,128,56,2,126,0,0,0,0,31,0,1,68,0,25,0,1,58,0.0,0.0,0.04203,0.01562,0,0
260,128,56,2,126,0,0,0,0,31,0,1,68,0,25,0,1,58,0.0,0.0,0.04203,0.01562,0,0
261,128,56,2,126,0,0,0,0,31,0,1,68,0,25,0,1,58,0.0,0.0,0.04203,0.01562,0,0
262,128,56,2,126,0,0,0,0,31,0,1,68,0,25,0,1,58,0.0,0.0,0.04203,0.01562,0,0
263,128,56,2,126,0,0,0,0,31,0,1,68,0,25,0,1,58,0.0,0.0,0.04203,0.01562,0,0
264,128,56,2,126,0,0,0,0,31,0,1,68,0,25,0,1,58,0.0,0.0,0.04203,0.01562,0,0
265,128,56,2,126,0,0,0,0,31,0,1,68,0,25,0,1,58,0.0,0.0,0.04203,0.01562,0,0
266,128,56,2,126,0,0,0,0,31,0,1,68,0,25,0,1,58,0.0,0.0,0.04203,0.01562,0,0
267,128,56,2,126,0,0,0,0,31,0,1,68,0,25,0,1,58,0.0,0.0,0.04203,0.01562,0,0
268,128,56,2,126,0,0,0,0,31,0,1,68,0,25,0,1,58,0.0,0.0,0.04203,0.01562,0,0
269,128,56,2,126,0,0,0,0,31,0,1,68,0,25,0,1,58,0.0,0.0,0.04203,0.01562,0,0
270,128,56,2,126,0,0,0,0,31,0,1,68,0,25,0,1,58,0.0,0.0,0.04203,0.01562,0,0
271,128,56,2,126,0,0,0,0,31,0,1,68,0,25,0,1,58,0.0,0.0,0.04203,0.01562,0,0
272,128,56,2,126,0,0,0,0,31,0,1,68,0,25,0,1,58,0.0,0.0,0.04203,0.01562,0,0
273,128,56,2,126,0,0,0,0,31,0,1,68,0,25,0,1,58,0.0,0.0,0.04203,0.01562,0,0
274,128,56,2,126,0,0,0,0,31,0,1,68,0,25,0,1,58,0.0,0.0,0.04203,0.01562,0,0
275,128,56,2,126,0,0,0,0,31,0,1,68,0,25,0,1,58,0.0,0.0,0.04203,0.01562,0,0
276,128,56,2,126,0,0,0,0,31,0,1,68,0,25,0,1,58,0.0,0.0,0.04203,0.01562,0,0
277,128,56,2,126,0,0,0,0,31,0,1,68,0,25,0,1,58,0.0,0.0,0.04203,0.01562,0,0
278,128,56,2,126,0,0,0,0,31,0,1,68,0,25,0,1,58,0.0,0.0,0.04203,0.01562,0,0
279,128,56,2,126,0,0,0,0,31,0,1,68,0,25,0,1,58,0.0,0.0,0.04203,0.01562,0,0
280,128,56,2,126,0,0,0,0,31,0,1,68,0,25,0,1,58,0.0,0.0,0.04203,0.01562,0,0
281,128,56,2,126,0,0,0,0,31,0,1,68,0,25,0,1,58,0.0,0.0,0.04203,0.01562,0,0
282,128,56,2,126,0,0,0,0,31,0,1,68,0,25,0,1,58,0.0,0.0,0.04203,0.01562,0,0
283,128,56,2,126,0,0,0,0,31,0,1,68,0,25,0,1,58,0.0,0.0,0.04203,0.01562,0,0
284,128,56,2,126,0,0,0,0,31,0,1,68,0,25,0,1,58,0.0,0.0,0.04203,0.01562,0,0
285,128,56,2,126,0,0,0,0,31,0,1,68,0,25,0,1,58,0.0,0.0,0.04203,0.01562,0,0
286,128,56,2,126,0,0,0,0,31,0,1,68,0,25,0,1,58,0.0,0.0,0.04203,0.01562,0,0
287,128,56,2,126,0,0,0,0,31,0,1,68,0,25,0,1,58,0.0,0.0,0.04203,0.01562,0,0
288,128,56,2,126,0,0,0,0,31,0,1,68,0,25,0,1,58,0.0,0.0,0.04203,0.01562,0,0
289,128,56,2,126,0,0,0,0,31,0,1,68,0,25,0,1,58,0.0,0.0,0.04203,0.01562,0,0
290,128,56,2,126,0,0,0,0,31,0,1,68,0,25,0,1,58,0.0,0.0,0.04203,0.01562,0,0
291,128,56,2,126,0,0,0,0,31,0,1,68,0,25,0,1,58,0.0,0.0,0.04203,0.01562,0,0
292,128,56,2,126,0,0,0,0,31,0,1,68,0,25,0,1,58,0.0,0.0,0.04203,0.01562,0,0
293,128,56,2,126,0,0,0,0,31,0,1,68,0,25,0,1,58,0.0,0.0,0.04203,0.01562,0,0
294,128,56,2,126,0,0,0,0,31,0,1,68,0,25,0,1,58,0.0,0.0,0.04203,0.01562,0,0
295,128,56,2,126,0,0,0,0,31,0,1,68,0,25,0,1,58,0.0,0.0,0.04203,0.01562,0,0
296,128,56,2,126,0,0,0,0,31,0,1,68,0,25,0,1,58,0.0,0.0,0.04203,0.01562,0,0
297,128,56,2,126,0,0,0,0,31,0,1,68,0,25,0,1,58,0.0,0.0,0.04203,0.01562,0,0
298,128,56,2,126,0,0,0,0,31,0,1,68,0,25,0,1,58,0.0,0.0,0.04203,0.01562,0,0
299,128,56,2,126,0,0,0,0,31,0,1,68,0,25,0,1,58,0.0,0.0,0.04203,0.01562,0,0
300,128,56,2,126,0,0,0,0,31,0,1,68,0,25,0,1,58,0.0,0.0,0.04203,0.01562,0,0
301,128,56,2,126,0,0,0,0,31,0,1,68,0,25,0,1,58,0.0,0.0,0.04203,0.01562,0,0
302,128,56,2,126,0,0,0,0,31,0,1,68,0,25,0,1,58,0.0,0.0,0.04203,0.01562,0,0
303,128,56,2,126,0,0,0,0,31,0,1,68,0,25,0,1,58,0.0,0.0,0.04203,0.01562,0,0
304,128,56,2,126,0,0,0,0,31,0,1,68,0,25,0,1,58,0.0,0.0,0.04203,0.01562,0,0
305,128,56,2,126,0,0,0,0,31,0,1,68,0,25,0,1,58,0.0,0.0,0.04203,0.01562,0,0
306,128,56,2,126,0,0,0,0,31,0,1,68,0,25,0,1,58,0.0,0.0,0.04203,0.01562,0,0
307,128,56,2,126,0,0,0,0,31,0,1,68,0,25,0,1,58,0.0,0.0,0.04203,0.01562,0,0
308,128,56,2,126,0,0,0,0,31,0,1,68,0,25,0,1,58,0.0,0.0,0.04203,0.01562,0,0
309,128,56,2,126,0,0,0,0,31,0,1,68,0,25,0,1,58,0.0,0.0,0.04203,0.01562,0,0
310,128,56,2,126,0,0,0,0,31,0,1,68,0,25,0,1,58,0.0,0.0,0.04203,0.01562,0,0
311,128,56,2,126,0,0,0,0,31,0,1,68,0,25,0,1,58,0.0,0.0,0.04203,0.01562,0,0
312,128,56,2,126,0,0,0,0,31,0,1,68,0,25,0,1,58,0.0,0.0,0.04203,0.01562,0,0
313,128,56,2,126,0,0,0,0,31,0,1,68,0,25,0,1,58,0.0,0.0,0.04203,0.01562,0,0
314,128,56,2,126,0,0,0,0,31,0,1,68,0,25,0,1,58,0.0,0.0,0.04203,0.01562,0,0
315,128,56,2,126,0,0,0,0,31,0,1,68,0,25,0,1,58,0.0,0.0,0.04203,0.01562,0,0
316,128,56,2,126,0,0,0,0,31,0,1,68,0,25,0,1,58,0.0,0.0,0.04203,0.01562,0,0
317,128,56,2,126,0,0,0,0,31,0,1,68,0,25,0,1,58,0.0,0.0,0.04203,0.01562,0,0
318,128,56,2,126,0,0,0,0,31,0,1,68,0,25,0,1,58,0.0,0.0,0.04203,0.01562,0,0
319,128,56,2,126,0,0,0,0,31,0,1,68,0,25,0,1,58,0.0,0.0,0.04203,0.01562,0,0
320,128,56,2,126,0,0,0,0,31,0,1,68,0,25,0,1,58,0.0,0.0,0.04203,0.01562,0,0
321,128,56,2,126,0,0,0,0,31,0,1,68,0,25,0,1,58,0.0,0.0,0.04203,0.01562,0,0
322,128,56,2,126,0,0,0,0,31,0,1,68,0,25,0,1,58,0.0,0.0,0.04203,0.01562,0,0
323,128,56,2,126,0,0,0,0,31,0,1,68,0,25,0,1,58,0.0,0.0,0.04203,0.01562,0,0
324,128,56,2,126,0,0,0,0,31,0,1,68,0,25,0,1,58,0.0,0.0,0.04203,0.01562,0,0
325,128,56,2,126,0,0,0,0,31,0,1,68,0,25,0,1,58,0.0,0.0,0.04203,0.01562,0,0
326,128,56,2,126,0,0,0,0,31,0,1,68,0,25,0,1,58,0.0,0.0,0.04203,0.01562,0,0
327,128,56,2,126,0,0,0,0,31,0,1,68,0,25,0,1,58,0.0,0.0,0.04203,0.01562,0,0
328,128,56,2,126,0,0,0,0,31,0,1,68,0,25,0,1,58,0.0,0.0,0.04203,0.01562,0,0
329,128,56,2,126,0,0,0,0,31,0,1,68,0,25,0,1,58,0.0,0.0,0.04203,0.01562,0,0
330,128,56,2,126,0,0,0,0,31,0,1,68,0,25,0,1,58,0.0,0.0,0.04203,0.01562,0,0
331,128,56,2,126,0,0,0,0,31,0,1,68,0,25,0,1,58,0.0,0.0,0.04203,0.01562,0,0
332,128,56,2,126,0,0,0,0,31,0,1,68,0,25,0,1,58,0.0,0.0,0.04203,0.01562,0,0
333,128,56,2,126,0,0,0,0,31,0,1,68,0,25,0,1,58,0.0,0.0,0.04203,0.01562,0,0
334,128,56,2,126,0,0,0,0,31,0,1,68,0,25,0,1,58,0.0,0.0,0.04203,0.01562,0,0
335,128,56,2,126,0,0,0,0,31,0,1,68,0,25,0,1,58,0.0,0.0,0.04203,0.01562,0,0
336,128,56,2,126,0,0,0,0,31,0,1,68,0,25,0,1,58,0.0,0.0,0.04203,0.01562,0,0
337,128,56,2,126,0,0,0,0,31,0,1,68,0,25,0,1,58,0.0,0.0,0.04203,0.01562,0,0
338,128,56,2,126,0,0,0,0,31,0,1,68,0,25,0,1,58,0.0,0.0,0.04203,0.01562,0,0
339,128,56,2,126,0,0,0,0,31,0,1,68,0,25,0,1,58,0.0,0.0,0.04203,0.01562,0,0
340,128,56,2,126,0,0,0,0,31,0,1,68,0,25,0,1,58,0.0,0.0,0.04203,0.01562,0,0
341,128,56,2,126,0,0,0,0,31,0,1,68,0,25,0,1,58,0.0,0.0,0.04203,0.01562,0,0
342,128,56,2,126,0,0,0,0,31,0,1,68,0,25,0,1,58,0.0,0.0,0.04203,0.01562,0,0
343,128,56,2,126,0,0,0,0,31,0,1,68,0,25,0,1,58,0.0,0.0,0.04203,0.01562,0,0
344,128,56,2,126,0,0,0,0,31,0,1,68,0,25,0,1,58,0.0,0.0,0.04203,0.01562,0,0
345,128,56,2,126,0,0,0,0,31,0,1,68,0,25,0,1,58,0.0,0.0,0.04203,0.01562,0,0
346,128,56,2,126,0,0,0,0,31,0,1,68,0,25,0,1,58,0.0,0.0,0.04203,0.01562,0,0
347,128,56,2,126,0,0,0,0,31,0,1,68,0,25,0,1,58,0.0,0.0,0.04203,0.01562,0,0
348,128,56,2,126,0,0,0,0,31,0,1,68,0,25,0,1,58,0.0,0.0,0.04203,0.01562,0,0
349,128,56,2,126,0,0,0,0,31,0,1,68,0,25,0,1,58,0.0,0.0,0.04203,0.01562,0,0
350,128,56,2,126,0,0,0,0,31,0,1,68,0,25,0,1,58,0.0,0.0,0.04203,0.01562,0,0
351,128,56,2,126,0,0,0,0,31,0,1,68,0,25,0,1,58,0.0,0.0,0.04203,0.01562,0,0
352,128,56,2,126,0,0,0,0,31,0,1,68,0,25,0,1,58,0.0,0.0,0.04203,0.01562,0,0
353,128,56,2,126,0,0,0,0,31,0,1,68,0,25,0,1,58,0.0,0.0,0.04203,0.01562,0,0
354,128,56,2,126,0,0,0,0,31,0,1,68,0,25,0,1,58,0.0,0.0,0.04203,0.01562,0,0
355,128,56,2,126,0,0,0,0,31,0,1,68,0,25,0,1,58,0.0,0.0,0.04203,0.01562,0,0
356,128,56,2,126,0,0,0,0,31,0,1,68,0,25,0,1,58,0.0,0.0,0.04203,0.01562,0,0
357,128,56,2,126,0,0,0,0,31,0,1,68,0,25,0,1,58,0.0,0.0,0.04203,0.01562,0,0
358,128,56,2,126,0,0,0,0,31,0,1,68,0,25,0,1,58,0.0,0.0,0.04203,0.01562,0,0
359,128,56,2,126,0,0,0,0,31,0,1,68,0,25,0,1,58,0.0,0.0,0.04203,0.01562,0,0
360,128,56,2,126,0,0,0,0,31,0,1,68,0,25,0,1,58,0.0,0.0,0.04203,0.01562,0,0
