Day,Total infected,Total tested,Total deaths,Total recovered,Infected,Actual tested,In treatment,Infected in A,Tested in A,In treatment in A,Deaths in A,Recovered in A,Infected in B,Tested in B,In treatment in B,Deaths in B,Recovered in B,Known infected %,Infected population %,Population immunity %,Death rate,Total isolated,Isolated
1,5,0,0,0,5,0,0,5,0,0,0,0,0,0,0,0,0,0.0,0.00167,0.0,0.0,0,0
2,6,0,0,0,6,0,0,6,0,0,0,0,0,0,0,0,0,0.0,0.002,0.0,0.0,0,0
3,8,0,0,0,8,0,0,8,0,0,0,0,0,0,0,0,0,0.0,0.00267,0.0,0.0,0,0
4,8,0,0,0,8,0,0,8,0,0,0,0,0,0,0,0,0,0.0,0.00267,0.0,0.0,0,0
5,8,0,0,0,8,0,0,8,0,0,0,0,0,0,0,0,0,0.0,0.00267,0.0,0.0,0,0
6,11,0,0,0,11,0,0,10,0,0,0,0,1,0,0,0,0,0.0,0.00367,0.0,0.0,0,0
7,12,1,0,0,12,1,1,11,1,0,0,0,1,0,1,0,0,0.00033,0.004,0.0,0.0,0,0
8,13,2,0,0,13,2,1,12,1,0,0,0,1,1,1,0,0,0.00067,0.00433,0.0,0.0,0,0
9,14,2,0,1,13,2,4,12,1,3,0,1,1,1,1,0,0,0.00067,0.00433,0.00033,0.0,0,0
10,16,4,0,1,15,4,5,14,3,4,0,1,1,1,1,0,0,0.00133,0.005,0.00033,0.0,0,0
11,18,6,0,3,15,5,4,15,5,4,0,2,0,1,0,0,1,0.00167,0.005,0.001,0.0,0,0
12,20,7,0,4,16,6,4,15,5,4,0,3,1,2,0,0,1,0.002,0.00533,0.00133,0.0,0,0
13,21,7,1,6,14,3,2,13,5,2,1,5,1,2,0,0,1,0.001,0.00467,0.002,0.04762,0,0
14,21,7,2,6,13,2,2,13,5,2,2,5,0,2,0,0,1,0.00067,0.00434,0.002,0.09524,0,0
15,21,8,2,8,11,2,1,11,6,1,2,7,0,2,0,0,1,0.00067,0.00367,0.00267,0.09524,0,0
16,21,8,2,8,11,2,1,11,6,1,2,7,0,2,0,0,1,0.00067,0.00367,0.00267,0.09524,0,0
17,25,8,2,8,15,2,1,14,6,1,2,7,1,2,0,0,1,0.00067,0.005,0.00267,0.08,0,0
18,30,8,2,10,18,2,1,17,6,1,2,9,1,2,0,0,1,0.00067,0.006,0.00334,0.06667,0,0
19,33,8,2,11,20,2,1,19,6,1,2,10,1,2,0,0,1,0.00067,0.00667,0.00367,0.06061,0,0
20,36,9,2,14,20,2,1,17,7,1,2,13,3,2,0,0,1,0.00067,0.00667,0.00467,0.05556,0,0
21,36,10,3,15,18,2,0,16,8,0,3,13,2,2,0,0,2,0.00067,0.00601,0.00501,0.08333,0,0
22,37,10,3,15,19,2,0,17,8,0,3,13,2,2,0,0,2,0.00067,0.00634,0.00501,0.08108,0,0
23,38,10,3,17,18,1,2,16,8,1,3,15,2,2,1,0,2,0.00033,0.00601,0.00567,0.07895,0,0
24,43,13,3,17,23,4,2,21,10,1,3,15,2,3,1,0,2,0.00133,0.00767,0.00567,0.06977,0,0
25,46,15,3,17,26,6,2,24,12,1,3,15,2,3,1,0,2,0.002,0.00868,0.00567,0.06522,0,0
26,49,15,3,18,28,5,2,26,12,1,3,16,2,3,1,0,2,0.00167,0.00934,0.00601,0.06122,0,0
27,50,15,4,20,26,4,3,24,12,2,4,18,2,3,1,0,2,0.00134,0.00868,0.00668,0.08,0,0
28,53,18,4,23,26,6,3,24,15,2,4,20,2,3,1,0,3,0.002,0.00868,0.00768,0.07547,0,0
29,57,19,4,24,29,7,3,25,16,2,4,21,4,3,1,0,3,0.00234,0.00968,0.00801,0.07018,0,0
30,60,19,4,28,28,5,1,25,16,1,4,24,3,3,0,0,4,0.00167,0.00935,0.00935,0.06667,0,0
31,61,19,4,33,24,3,1,19,16,1,4,29,5,3,0,0,4,0.001,0.00801,0.01101,0.06557,0,0
32,66,20,4,34,28,3,2,18,16,2,4,29,10,4,0,0,5,0.001,0.00935,0.01135,0.06061,0,0
33,70,21,4,37,29,3,2,18,17,2,4,31,11,4,0,0,6,0.001,0.00968,0.01235,0.05714,0,0
34,71,22,4,38,29,4,6,19,17,5,4,31,10,5,1,0,7,0.00134,0.00968,0.01268,0.05634,0,0
35,74,26,4,41,29,7,7,18,20,5,4,33,11,6,2,0,8,0.00234,0.00968,0.01368,0.05405,0,0
36,74,27,4,41,29,8,7,18,21,5,4,33,11,6,2,0,8,0.00267,0.00968,0.01368,0.05405,0,0
37,75,27,5,46,24,5,5,12,21,3,5,38,12,6,2,0,8,0.00167,0.00801,0.01536,0.06667,0,0
38,76,28,5,49,22,4,3,12,22,2,5,39,10,6,1,0,10,0.00134,0.00735,0.01636,0.06579,0,0
39,77,29,6,53,18,2,2,10,23,1,5,42,8,6,1,1,11,0.00067,0.00601,0.0177,0.07792,0,0
40,81,32,6,54,21,5,3,11,24,2,5,43,10,8,1,1,11,0.00167,0.00701,0.01804,0.07407,0,0
41,82,33,6,57,19,4,3,12,25,2,5,43,7,8,1,1,14,0.00134,0.00635,0.01904,0.07317,0,0
42,83,33,6,60,17,2,1,11,25,1,5,44,6,8,0,1,16,0.00067,0.00568,0.02004,0.07229,0,0
43,88,33,6,62,20,2,4,13,25,3,5,45,7,8,1,1,17,0.00067,0.00668,0.02071,0.06818,0,0
44,89,36,6,63,20,4,4,13,27,3,5,46,7,9,1,1,17,0.00134,0.00668,0.02104,0.06742,0,0
45,90,36,6,63,21,4,4,13,27,3,5,46,8,9,1,1,17,0.00134,0.00701,0.02104,0.06667,0,0
46,92,36,6,64,22,4,5,14,27,3,5,46,8,9,2,1,18,0.00134,0.00735,0.02138,0.06522,0,0
47,93,38,6,68,19,4,3,10,27,1,5,50,9,11,2,1,18,0.00134,0.00635,0.02271,0.06452,0,0
48,94,38,6,68,20,4,3,10,27,1,5,50,10,11,2,1,18,0.00134,0.00668,0.02271,0.06383,0,0
49,95,38,6,71,18,3,2,9,27,1,5,51,9,11,1,1,20,0.001,0.00601,0.02371,0.06316,0,0
50,96,38,6,72,18,3,3,8,27,2,5,52,10,11,1,1,20,0.001,0.00601,0.02405,0.0625,0,0
51,96,39,6,75,15,2,2,6,28,1,5,54,9,11,1,1,21,0.00067,0.00501,0.02505,0.0625,0,0
52,99,40,6,78,15,3,2,3,28,1,5,57,12,12,1,1,21,0.001,0.00501,0.02605,0.06061,0,0
53,100,40,6,80,14,2,2,3,28,1,5,58,11,12,1,1,22,0.00067,0.00468,0.02672,0.06,0,0
54,101,40,6,81,14,2,2,4,28,1,5,58,10,12,1,1,23,0.00067,0.00468,0.02705,0.05941,0,0
55,102,40,7,82,13,1,1,3,28,0,6,59,10,12,1,1,23,0.00033,0.00434,0.0274,0.06863,0,0
56,102,40,7,83,12,1,1,3,28,0,6,59,9,12,1,1,24,0.00033,0.00401,0.02773,0.06863,0,0
57,105,40,7,84,14,1,2,5,28,0,6,59,9,12,2,1,25,0.00033,0.00468,0.02807,0.06667,0,0
58,107,41,7,87,13,1,1,5,28,0,6,60,8,13,1,1,27,0.00033,0.00434,0.02907,0.06542,0,0
59,108,41,7,87,14,1,1,5,28,0,6,60,9,13,1,1,27,0.00033,0.00468,0.02907,0.06481,0,0
60,110,41,7,89,14,1,1,8,28,0,6,60,6,13,1,1,29,0.00033,0.00468,0.02974,0.06364,0,0
61,113,41,7,90,16,1,1,9,28,0,6,61,7,13,1,1,29,0.00033,0.00535,0.03007,0.06195,0,0
62,117,41,7,92,18,1,1,12,28,0,6,62,6,13,1,1,30,0.00033,0.00601,0.03074,0.05983,0,0
63,117,41,7,94,16,0,0,12,28,0,6,62,4,13,0,1,32,0.0,0.00535,0.03141,0.05983,0,0
64,118,41,7,94,17,0,0,13,28,0,6,62,4,13,0,1,32,0.0,0.00568,0.03141,0.05932,0,0
65,120,41,7,94,19,0,1,15,28,1,6,62,4,13,0,1,32,0.0,0.00635,0.03141,0.05833,0,0
66,122,42,7,95,20,1,1,15,29,1,6,63,5,13,0,1,32,0.00033,0.00668,0.03174,0.05738,0,0
67,125,42,7,96,22,1,1,17,29,1,6,64,5,13,0,1,32,0.00033,0.00735,0.03207,0.056,0,0
68,129,42,7,98,24,1,1,20,29,1,6,65,4,13,0,1,33,0.00033,0.00802,0.03274,0.05426,0,0
69,129,42,7,99,23,1,2,19,29,2,6,66,4,13,0,1,33,0.00033,0.00768,0.03308,0.05426,0,0
70,133,43,7,101,25,1,4,18,30,4,6,68,7,13,0,1,33,0.00033,0.00835,0.03375,0.05263,0,0
71,133,47,7,101,25,5,4,18,33,4,6,68,7,14,0,1,33,0.00167,0.00835,0.03375,0.05263,0,0
72,136,47,7,106,23,4,4,17,33,4,6,70,6,14,0,1,36,0.00134,0.00768,0.03542,0.05147,0,0
73,137,47,7,109,21,3,3,16,33,3,6,72,5,14,0,1,37,0.001,0.00702,0.03642,0.05109,0,0
74,142,48,7,111,24,3,2,16,34,2,6,74,8,14,0,1,37,0.001,0.00802,0.03709,0.0493,0,0
75,146,48,7,111,28,3,2,18,34,2,6,74,10,14,0,1,37,0.001,0.00936,0.03709,0.04795,0,0
76,149,49,7,114,28,3,1,18,34,1,6,76,10,15,0,1,38,0.001,0.00936,0.03809,0.04698,0,0
77,153,49,7,115,31,3,2,21,34,2,6,77,10,15,0,1,38,0.001,0.01036,0.03842,0.04575,0,0
78,155,50,7,115,33,4,3,22,35,2,6,77,11,15,1,1,38,0.00134,0.01103,0.03842,0.04516,0,0
79,161,51,7,120,34,4,2,24,35,1,6,81,10,16,1,1,39,0.00134,0.01136,0.04009,0.04348,0,0
80,165,51,7,124,34,4,4,24,35,3,6,83,10,16,1,1,41,0.00134,0.01136,0.04143,0.04242,0,0
81,174,53,7,127,40,5,3,29,37,2,6,85,11,16,1,1,42,0.00167,0.01336,0.04243,0.04023,0,0
82,178,53,7,130,41,5,3,31,37,2,6,86,10,16,1,1,44,0.00167,0.0137,0.04343,0.03933,0,0
83,180,53,7,133,40,4,3,32,37,2,6,87,8,16,1,1,46,0.00134,0.01336,0.04444,0.03889,0,0
84,185,53,7,136,42,3,4,33,37,4,6,88,9,16,0,1,48,0.001,0.01403,0.04544,0.03784,0,0
85,188,55,7,138,43,4,5,33,39,4,6,90,10,16,1,1,48,0.00134,0.01437,0.04611,0.03723,0,0
86,193,56,7,139,47,4,4,36,39,3,6,91,11,17,1,1,48,0.00134,0.0157,0.04644,0.03627,0,0
87,197,56,7,142,48,3,5,37,39,4,6,93,11,17,1,1,49,0.001,0.01604,0.04744,0.03553,0,0
88,206,58,8,146,52,4,5,38,41,5,6,97,14,17,0,2,49,0.00134,0.01738,0.0488,0.03883,0,0
89,208,61,8,152,48,5,3,34,43,3,6,102,14,18,0,2,50,0.00167,0.01604,0.0508,0.03846,0,0
90,211,62,8,153,50,6,3,37,43,3,6,102,13,19,0,2,51,0.00201,0.01671,0.05114,0.03791,0,0
91,213,62,8,157,48,5,4,35,43,3,6,105,13,19,1,2,52,0.00167,0.01604,0.05247,0.03756,0,0
92,219,63,8,161,50,4,4,37,44,3,6,107,13,19,1,2,54,0.00134,0.01671,0.05381,0.03653,0,0
93,221,64,8,164,49,4,3,37,45,2,6,109,12,19,1,2,55,0.00134,0.01638,0.05481,0.0362,0,0
94,228,64,8,170,50,4,4,38,45,3,6,114,12,19,1,2,56,0.00134,0.01671,0.05682,0.03509,0,0
95,234,66,8,176,50,5,3,37,47,3,6,118,13,19,0,2,58,0.00167,0.01671,0.05882,0.03419,0,0
96,244,68,8,182,54,6,4,40,49,4,6,122,14,19,0,2,60,0.00201,0.01805,0.06083,0.03279,0,0
97,248,69,8,190,50,6,4,35,50,4,6,128,15,19,0,2,62,0.00201,0.01671,0.0635,0.03226,0,0
98,254,70,9,197,48,5,3,31,51,3,7,134,17,19,0,2,63,0.00167,0.01605,0.06586,0.03543,0,0
99,259,72,10,200,49,6,2,31,53,2,8,135,18,19,0,2,65,0.00201,0.01639,0.06689,0.03861,0,0
100,262,72,10,202,50,5,4,31,53,2,8,137,19,19,2,2,65,0.00167,0.01672,0.06756,0.03817,0,0
101,267,76,10,205,52,6,5,31,53,3,8,139,21,23,2,2,66,0.00201,0.01739,0.06856,0.03745,0,0
102,274,79,10,210,54,8,7,31,56,4,8,144,23,23,3,2,66,0.00268,0.01806,0.07023,0.0365,0,0
103,277,83,10,212,55,11,7,34,59,4,8,145,21,24,3,2,67,0.00368,0.01839,0.0709,0.0361,0,0
104,282,83,10,217,55,9,7,33,59,4,8,148,22,24,3,2,69,0.00301,0.01839,0.07258,0.03546,0,0
105,288,84,10,225,53,9,7,34,59,4,8,152,19,25,3,2,73,0.00301,0.01773,0.07525,0.03472,0,0
106,294,85,10,227,57,9,8,34,60,5,8,154,23,25,3,2,73,0.00301,0.01906,0.07592,0.03401,0,0
107,298,87,10,234,54,10,9,32,62,6,8,159,22,25,3,2,75,0.00334,0.01806,0.07826,0.03356,0,0
108,303,88,10,237,56,9,8,34,63,6,8,160,22,25,2,2,77,0.00301,0.01873,0.07926,0.033,0,0
109,309,90,11,242,56,8,5,32,64,4,9,164,24,26,1,2,78,0.00268,0.01874,0.08096,0.0356,0,0
110,311,90,11,249,51,6,4,28,64,3,9,170,23,26,1,2,79,0.00201,0.01706,0.08331,0.03537,0,0
111,316,93,11,253,52,7,4,31,67,4,9,171,21,26,0,2,82,0.00234,0.0174,0.08464,0.03481,0,0
112,321,95,11,263,47,5,3,30,69,3,9,177,17,26,0,2,86,0.00167,0.01572,0.08799,0.03427,0,0
113,324,96,11,266,47,6,4,30,70,4,9,179,17,26,0,2,87,0.00201,0.01572,0.08899,0.03395,0,0
114,332,98,11,269,52,8,6,33,71,5,9,181,19,27,1,2,88,0.00268,0.0174,0.09,0.03313,0,0
115,336,103,11,272,53,12,6,38,74,5,9,181,15,29,1,2,91,0.00401,0.01773,0.091,0.03274,0,0
116,342,104,11,277,54,11,5,39,75,4,9,184,15,29,1,2,93,0.00368,0.01807,0.09267,0.03216,0,0
117,345,105,11,283,51,10,5,36,75,3,9,188,15,30,2,2,95,0.00335,0.01706,0.09468,0.03188,0,0
118,346,107,11,288,47,10,4,34,76,2,9,191,13,31,2,2,97,0.00335,0.01572,0.09635,0.03179,0,0
119,347,107,11,296,40,7,6,30,76,3,9,197,10,31,3,2,99,0.00234,0.01338,0.09903,0.0317,0,0
120,347,108,12,302,33,7,6,23,76,3,10,203,10,32,3,2,99,0.00234,0.01104,0.10107,0.03458,0,0
121,349,109,12,304,33,7,6,23,77,3,10,205,10,32,3,2,99,0.00234,0.01104,0.10174,0.03438,0,0
122,353,109,12,308,33,5,4,24,77,2,10,207,9,32,2,2,101,0.00167,0.01104,0.10308,0.03399,0,0
123,358,110,12,311,35,3,3,27,77,2,10,207,8,33,1,2,104,0.001,0.01171,0.10408,0.03352,0,0
124,360,110,13,317,30,1,2,23,77,2,10,212,7,33,0,3,105,0.00033,0.01004,0.10613,0.03611,0,0
125,365,113,14,320,31,3,1,24,79,1,11,215,7,34,0,3,105,0.001,0.01038,0.10717,0.03836,0,0
126,368,113,14,327,27,2,1,21,79,1,11,220,6,34,0,3,107,0.00067,0.00904,0.10951,0.03804,0,0
127,371,114,14,327,30,3,1,23,80,1,11,220,7,34,0,3,107,0.001,0.01005,0.10951,0.03774,0,0
128,374,114,14,327,33,3,2,25,80,2,11,220,8,34,0,3,107,0.001,0.01105,0.10951,0.03743,0,0
129,377,116,14,331,32,5,2,22,82,2,11,224,10,34,0,3,107,0.00167,0.01072,0.11085,0.03714,0,0
130,381,118,14,331,36,7,2,24,84,2,11,224,12,34,0,3,107,0.00234,0.01206,0.11085,0.03675,0,0
131,387,118,15,331,41,6,3,28,84,3,12,224,13,34,0,3,107,0.00201,0.01374,0.11089,0.03876,0,0
132,390,120,16,336,38,5,2,25,86,2,13,227,13,34,0,3,109,0.00168,0.01273,0.1126,0.04103,0,0
133,393,120,16,338,39,5,4,27,86,4,13,228,12,34,0,3,110,0.00168,0.01307,0.11327,0.04071,0,0
134,394,122,16,341,37,5,4,25,88,4,13,230,12,34,0,3,111,0.00168,0.0124,0.11428,0.04061,0,0
135,401,122,17,345,39,4,3,26,88,3,14,233,13,34,0,3,112,0.00134,0.01307,0.11566,0.04239,0,0
136,405,124,17,347,41,6,5,27,89,4,14,235,14,35,1,3,112,0.00201,0.01374,0.11633,0.04198,0,0
137,406,126,17,351,38,5,5,25,90,3,14,238,13,36,2,3,113,0.00168,0.01274,0.11767,0.04187,0,0
138,410,127,17,354,39,5,4,24,90,2,14,239,15,37,2,3,115,0.00168,0.01307,0.11867,0.04146,0,0
139,414,127,17,357,40,5,4,25,90,2,14,240,15,37,2,3,117,0.00168,0.01341,0.11968,0.04106,0,0
140,420,128,17,361,42,5,5,27,90,3,14,243,15,38,2,3,118,0.00168,0.01408,0.12102,0.04048,0,0
141,422,130,17,365,40,5,6,27,92,4,14,245,13,38,2,3,120,0.00168,0.01341,0.12236,0.04028,0,0
142,427,131,17,370,40,3,3,31,93,3,14,247,9,38,0,3,123,0.00101,0.01341,0.12404,0.03981,0,0
143,433,132,18,376,39,2,1,29,94,1,15,251,10,38,0,3,125,0.00067,0.01308,0.12609,0.04157,0,0
144,438,132,18,377,43,2,2,32,94,2,15,252,11,38,0,3,125,0.00067,0.01442,0.12643,0.0411,0,0
145,442,133,18,381,43,2,5,32,95,5,15,256,11,38,0,3,125,0.00067,0.01442,0.12777,0.04072,0,0
146,445,139,18,384,43,7,5,34,101,5,15,258,9,38,0,3,126,0.00235,0.01442,0.12877,0.04045,0,0
147,446,140,18,389,39,6,5,30,102,5,15,261,9,38,0,3,128,0.00201,0.01308,0.13045,0.04036,0,0
148,452,141,18,394,40,6,6,32,103,6,15,265,8,38,0,3,129,0.00201,0.01341,0.13213,0.03982,0,0
149,454,142,18,395,41,7,6,33,104,6,15,266,8,38,0,3,129,0.00235,0.01375,0.13246,0.03965,0,0
150,459,142,18,401,40,4,3,29,104,3,15,272,11,38,0,3,129,0.00134,0.01341,0.13447,0.03922,0,0
151,460,142,18,406,36,3,2,26,104,2,15,274,10,38,0,3,132,0.00101,0.01207,0.13615,0.03913,0,0
152,465,142,18,410,37,2,2,24,104,2,15,277,13,38,0,3,133,0.00067,0.01241,0.13749,0.03871,0,0
153,470,143,18,414,38,3,2,24,105,2,15,279,14,38,0,3,135,0.00101,0.01274,0.13883,0.0383,0,0
154,472,143,18,417,37,2,1,22,105,1,15,281,15,38,0,3,136,0.00067,0.01241,0.13984,0.03814,0,0
155,475,143,18,420,37,2,1,21,105,1,15,284,16,38,0,3,136,0.00067,0.01241,0.14085,0.03789,0,0
156,480,143,18,421,41,2,1,23,105,1,15,285,18,38,0,3,136,0.00067,0.01375,0.14118,0.0375,0,0
157,484,144,18,425,41,2,1,21,105,1,15,289,20,39,0,3,136,0.00067,0.01375,0.14252,0.03719,0,0
158,488,144,18,430,40,2,1,20,105,1,15,293,20,39,0,3,137,0.00067,0.01341,0.1442,0.03689,0,0
159,490,145,18,432,40,2,2,22,106,2,15,293,18,39,0,3,139,0.00067,0.01341,0.14487,0.03673,0,0
160,493,148,18,436,39,4,5,20,108,2,15,296,19,40,3,3,140,0.00134,0.01308,0.14621,0.03651,0,0
161,497,151,18,442,37,6,4,16,108,1,15,301,21,43,3,3,141,0.00201,0.01241,0.14822,0.03622,0,0
162,498,151,18,444,36,5,4,18,108,1,15,302,18,43,3,3,142,0.00168,0.01207,0.14889,0.03614,0,0
163,499,151,18,449,32,4,5,16,108,3,15,304,16,43,2,3,145,0.00134,0.01073,0.15057,0.03607,0,0
164,503,153,19,454,30,5,4,18,110,3,15,305,12,43,1,4,149,0.00168,0.01006,0.1523,0.03777,0,0
165,505,153,20,458,27,4,3,16,110,2,16,306,11,43,1,4,152,0.00134,0.00906,0.15369,0.0396,0,0
166,511,153,20,460,31,3,3,19,110,2,16,307,12,43,1,4,153,0.00101,0.0104,0.15436,0.03914,0,0
167,513,153,20,464,29,2,2,17,110,1,16,311,12,43,1,4,153,0.00067,0.00973,0.1557,0.03899,0,0
168,517,153,21,466,30,0,0,15,110,0,17,312,15,43,0,4,154,0.0,0.01007,0.15643,0.04062,0,0
169,523,154,21,468,34,1,0,19,110,0,17,312,15,44,0,4,156,0.00034,0.01141,0.1571,0.04015,0,0
170,526,155,21,470,35,1,0,18,110,0,17,313,17,45,0,4,157,0.00034,0.01175,0.15777,0.03992,0,0
171,531,155,21,473,37,1,1,19,110,0,17,315,18,45,1,4,158,0.00034,0.01242,0.15878,0.03955,0,0
172,534,156,21,475,38,1,1,22,110,0,17,315,16,46,1,4,160,0.00034,0.01276,0.15945,0.03933,0,0
173,539,156,21,477,41,1,2,24,110,1,17,316,17,46,1,4,161,0.00034,0.01376,0.16012,0.03896,0,0
174,542,157,21,480,41,2,4,25,111,2,17,317,16,46,2,4,163,0.00067,0.01376,0.16113,0.03875,0,0
175,544,160,21,481,42,5,6,23,112,3,17,317,19,48,3,4,164,0.00168,0.0141,0.16146,0.0386,0,0
176,546,163,21,485,40,6,4,22,114,2,17,318,18,49,2,4,167,0.00201,0.01343,0.16281,0.03846,0,0
177,548,164,22,488,38,5,3,22,114,1,17,320,16,50,2,5,168,0.00168,0.01276,0.16387,0.04015,0,0
178,551,165,22,493,36,5,4,20,114,2,17,324,16,51,2,5,169,0.00168,0.01209,0.16555,0.03993,0,0
179,553,166,22,499,32,6,5,17,115,2,17,328,15,51,3,5,171,0.00201,0.01075,0.16756,0.03978,0,0
180,556,167,22,500,34,7,5,19,115,2,17,328,15,52,3,5,172,0.00235,0.01142,0.1679,0.03957,0,0
181,557,167,22,505,30,6,6,16,115,2,17,332,14,52,4,5,173,0.00201,0.01007,0.16958,0.0395,0,0
182,558,168,22,506,30,7,6,16,115,2,17,333,14,53,4,5,173,0.00235,0.01007,0.16991,0.03943,0,0
183,560,169,22,511,27,5,3,13,116,1,17,336,14,53,2,5,175,0.00168,0.00907,0.17159,0.03929,0,0
184,563,170,22,513,28,5,2,11,116,0,17,338,17,54,2,5,175,0.00168,0.0094,0.17226,0.03908,0,0
185,565,170,23,517,25,4,2,10,116,1,17,340,15,54,1,6,177,0.00134,0.0084,0.17366,0.04071,0,0
186,567,171,23,523,21,3,2,11,117,1,17,341,10,54,1,6,182,0.00101,0.00705,0.17568,0.04056,0,0
187,568,172,23,525,20,4,3,11,117,2,17,342,9,55,1,6,183,0.00134,0.00672,0.17635,0.04049,0,0
188,568,175,23,525,20,7,3,11,119,2,17,342,9,56,1,6,183,0.00235,0.00672,0.17635,0.04049,0,0
189,570,175,23,525,22,7,4,12,119,2,17,342,10,56,2,6,183,0.00235,0.00739,0.17635,0.04035,0,0
190,576,176,23,531,22,5,3,12,119,2,17,344,10,57,1,6,187,0.00168,0.00739,0.17837,0.03993,0,0
191,578,176,23,534,21,3,2,7,119,1,17,347,14,57,1,6,187,0.00101,0.00705,0.17938,0.03979,0,0
192,579,177,23,535,21,3,1,6,119,0,17,348,15,58,1,6,187,0.00101,0.00705,0.17971,0.03972,0,0
193,579,177,23,539,17,2,0,5,119,0,17,349,12,58,0,6,190,0.00067,0.00571,0.18105,0.03972,0,0
194,579,178,23,539,17,3,1,5,119,1,17,349,12,59,0,6,190,0.00101,0.00571,0.18105,0.03972,0,0
195,580,179,23,541,16,4,2,5,120,1,17,350,11,59,1,6,191,0.00134,0.00537,0.18173,0.03966,0,0
196,581,180,23,542,16,5,2,4,120,1,17,351,12,60,1,6,191,0.00168,0.00537,0.18206,0.03959,0,0
197,583,181,23,543,17,6,2,4,120,1,17,351,13,61,1,6,192,0.00202,0.00571,0.1824,0.03945,0,0
198,584,181,23,546,15,5,2,5,120,1,17,352,10,61,1,6,194,0.00168,0.00504,0.18341,0.03938,0,0
199,586,181,23,548,15,4,2,5,120,1,17,354,10,61,1,6,194,0.00134,0.00504,0.18408,0.03925,0,0
200,586,181,23,548,15,4,2,5,120,1,17,354,10,61,1,6,194,0.00134,0.00504,0.18408,0.03925,0,0
201,586,181,23,550,13,3,2,5,120,1,17,354,8,61,1,6,196,0.00101,0.00437,0.18475,0.03925,0,0
202,586,181,23,551,12,2,2,3,120,1,17,355,9,61,1,6,196,0.00067,0.00403,0.18509,0.03925,0,0
203,589,182,23,553,13,3,2,4,121,1,17,355,9,61,1,6,198,0.00101,0.00437,0.18576,0.03905,0,0
204,589,182,24,556,9,1,1,3,121,1,17,357,6,61,0,7,199,0.00034,0.00302,0.18683,0.04075,0,0
205,589,182,24,558,7,1,1,2,121,1,17,357,5,61,0,7,201,0.00034,0.00235,0.1875,0.04075,0,0
206,592,182,24,558,10,1,1,2,121,1,17,357,8,61,0,7,201,0.00034,0.00336,0.1875,0.04054,0,0
207,595,183,24,558,13,2,1,2,121,1,17,357,11,62,0,7,201,0.00067,0.00437,0.1875,0.04034,0,0
208,595,183,24,559,12,1,1,1,121,0,17,358,11,62,1,7,201,0.00034,0.00403,0.18784,0.04034,0,0
209,595,184,24,560,11,2,1,1,121,0,17,358,10,63,1,7,202,0.00067,0.0037,0.18817,0.04034,0,0
210,596,185,24,561,11,2,2,1,121,0,17,358,10,64,2,7,203,0.00067,0.0037,0.18851,0.04027,0,0
211,596,186,24,563,9,2,2,2,121,0,17,358,7,65,2,7,205,0.00067,0.00302,0.18918,0.04027,0,0
212,596,186,24,563,9,2,2,2,121,0,17,358,7,65,2,7,205,0.00067,0.00302,0.18918,0.04027,0,0
213,596,186,24,563,9,2,2,2,121,0,17,358,7,65,2,7,205,0.00067,0.00302,0.18918,0.04027,0,0
214,598,186,25,563,10,1,1,3,121,0,17,358,7,65,1,8,205,0.00034,0.00336,0.18924,0.04181,0,0
215,600,186,25,563,12,1,1,4,121,0,17,358,8,65,1,8,205,0.00034,0.00403,0.18924,0.04167,0,0
216,600,186,25,565,10,1,1,3,121,0,17,359,7,65,1,8,206,0.00034,0.00336,0.18992,0.04167,0,0
217,600,186,25,567,8,1,1,2,121,0,17,360,6,65,1,8,207,0.00034,0.00269,0.19059,0.04167,0,0
218,601,186,25,569,7,1,1,3,121,0,17,360,4,65,1,8,209,0.00034,0.00235,0.19126,0.0416,0,0
219,601,186,26,569,6,0,0,3,121,0,17,360,3,65,0,9,209,0.0,0.00202,0.19132,0.04326,0,0
220,603,186,26,569,8,0,1,4,121,0,17,360,4,65,1,9,209,0.0,0.00269,0.19132,0.04312,0,0
221,603,187,26,570,7,1,1,3,121,0,17,360,4,66,1,9,210,0.00034,0.00235,0.19166,0.04312,0,0
222,604,187,26,570,8,1,1,4,121,0,17,360,4,66,1,9,210,0.00034,0.00269,0.19166,0.04305,0,0
223,604,187,26,571,7,1,1,3,121,0,17,360,4,66,1,9,211,0.00034,0.00235,0.192,0.04305,0,0
224,604,187,26,571,7,1,1,3,121,0,17,360,4,66,1,9,211,0.00034,0.00235,0.192,0.04305,0,0
225,604,188,26,572,6,2,2,2,121,0,17,361,4,67,2,9,211,0.00067,0.00202,0.19233,0.04305,0,0
226,606,189,26,573,7,2,2,2,121,0,17,361,5,68,2,9,212,0.00067,0.00235,0.19267,0.0429,0,0
227,607,189,26,573,8,2,2,2,121,0,17,361,6,68,2,9,212,0.00067,0.00269,0.19267,0.04283,0,0
228,607,189,27,574,6,1,1,1,121,0,17,362,5,68,1,10,212,0.00034,0.00202,0.19307,0.04448,0,0
229,607,189,27,575,5,1,1,0,121,0,17,363,5,68,1,10,212,0.00034,0.00168,0.19341,0.04448,0,0
230,607,189,27,575,5,1,1,0,121,0,17,363,5,68,1,10,212,0.00034,0.00168,0.19341,0.04448,0,0
231,608,189,27,575,6,1,1,0,121,0,17,363,6,68,1,10,212,0.00034,0.00202,0.19341,0.04441,0,0
232,608,189,27,576,5,0,0,0,121,0,17,363,5,68,0,10,213,0.0,0.00168,0.19374,0.04441,0,0
233,608,189,27,577,4,0,1,0,121,0,17,363,4,68,1,10,214,0.0,0.00135,0.19408,0.04441,0,0
234,608,190,27,578,3,1,1,0,121,0,17,363,3,69,1,10,215,0.00034,0.00101,0.19442,0.04441,0,0
235,608,190,27,578,3,1,1,0,121,0,17,363,3,69,1,10,215,0.00034,0.00101,0.19442,0.04441,0,0
236,609,190,28,578,3,0,0,0,121,0,17,363,3,69,0,11,215,0.0,0.00101,0.19448,0.04598,0,0
237,610,190,28,578,4,0,0,0,121,0,17,363,4,69,0,11,215,0.0,0.00135,0.19448,0.0459,0,0
238,610,190,28,578,4,0,0,0,121,0,17,363,4,69,0,11,215,0.0,0.00135,0.19448,0.0459,0,0
239,612,190,28,579,5,0,0,0,121,0,17,363,5,69,0,11,216,0.0,0.00168,0.19482,0.04575,0,0
240,612,190,28,580,4,0,0,0,121,0,17,363,4,69,0,11,217,0.0,0.00135,0.19515,0.04575,0,0
241,613,191,28,580,5,1,0,0,121,0,17,363,5,70,0,11,217,0.00034,0.00168,0.19515,0.04568,0,0
242,613,191,28,580,5,1,0,0,121,0,17,363,5,70,0,11,217,0.00034,0.00168,0.19515,0.04568,0,0
243,613,191,28,580,5,1,0,0,121,0,17,363,5,70,0,11,217,0.00034,0.00168,0.19515,0.04568,0,0
244,613,191,28,580,5,1,0,0,121,0,17,363,5,70,0,11,217,0.00034,0.00168,0.19515,0.04568,0,0
245,613,192,28,580,5,2,0,0,121,0,17,363,5,71,0,11,217,0.00067,0.00168,0.19515,0.04568,0,0
246,613,192,28,581,4,2,0,0,121,0,17,363,4,71,0,11,218,0.00067,0.00135,0.19549,0.04568,0,0
247,613,192,28,583,2,1,0,0,121,0,17,363,2,71,0,11,220,0.00034,0.00067,0.19616,0.04568,0,0
248,613,192,28,584,1,0,0,0,121,0,17,363,1,71,0,11,221,0.0,0.00034,0.1965,0.04568,0,0
249,613,192,28,584,1,0,0,0,121,0,17,363,1,71,0,11,221,0.0,0.00034,0.1965,0.04568,0,0
250,613,192,28,584,1,0,0,0,121,0,17,363,1,71,0,11,221,0.0,0.00034,0.1965,0.04568,0,0
251,614,192,28,584,2,0,0,0,121,0,17,363,2,71,0,11,221,0.0,0.00067,0.1965,0.0456,0,0
252,614,193,28,584,2,1,0,0,121,0,17,363,2,72,0,11,221,0.00034,0.00067,0.1965,0.0456,0,0
253,614,193,28,585,1,0,0,0,121,0,17,363,1,72,0,11,222,0.0,0.00034,0.19684,0.0456,0,0
254,614,193,28,585,1,0,0,0,121,0,17,363,1,72,0,11,222,0.0,0.00034,0.19684,0.0456,0,0
255,614,193,28,585,1,0,0,0,121,0,17,363,1,72,0,11,222,0.0,0.00034,0.19684,0.0456,0,0
256,615,193,28,585,2,0,0,0,121,0,17,363,2,72,0,11,222,0.0,0.00067,0.19684,0.04553,0,0
257,616,193,28,585,3,0,0,0,121,0,17,363,3,72,0,11,222,0.0,0.00101,0.19684,0.04545,0,0
258,616,193,28,585,3,0,0,0,121,0,17,363,3,72,0,11,222,0.0,0.00101,0.19684,0.04545,0,0
259,618,193,28,585,5,0,0,0,121,0,17,363,5,72,0,11,222,0.0,0.00168,0.19684,0.04531,0,0
260,618,193,28,586,4,0,1,0,121,0,17,363,4,72,1,11,223,0.0,0.00135,0.19717,0.04531,0,0
261,619,194,28,586,5,1,1,0,121,0,17,363,5,73,1,11,223,0.00034,0.00168,0.19717,0.04523,0,0
262,619,194,28,586,5,1,1,0,121,0,17,363,5,73,1,11,223,0.00034,0.00168,0.19717,0.04523,0,0
263,620,194,28,586,6,1,1,0,121,0,17,363,6,73,1,11,223,0.00034,0.00202,0.19717,0.04516,0,0
264,621,194,29,586,6,0,0,0,121,0,17,363,6,73,0,12,223,0.0,0.00202,0.19724,0.0467,0,0
265,621,194,29,587,5,0,0,0,121,0,17,364,5,73,0,12,223,0.0,0.00168,0.19758,0.0467,0,0
266,621,194,29,587,5,0,0,0,121,0,17,364,5,73,0,12,223,0.0,0.00168,0.19758,0.0467,0,0
267,622,194,29,588,5,0,1,1,121,1,17,365,4,73,0,12,223,0.0,0.00168,0.19791,0.04662,0,0
268,624,195,29,589,6,1,1,3,122,1,17,365,3,73,0,12,224,0.00034,0.00202,0.19825,0.04647,0,0
269,624,196,29,589,6,2,1,3,122,1,17,365,3,74,0,12,224,0.00067,0.00202,0.19825,0.04647,0,0
270,626,197,29,589,8,3,1,3,123,1,17,365,5,74,0,12,224,0.00101,0.00269,0.19825,0.04633,0,0
271,627,197,29,589,9,3,1,4,123,1,17,365,5,74,0,12,224,0.00101,0.00303,0.19825,0.04625,0,0
272,628,197,29,590,9,3,1,4,123,1,17,365,5,74,0,12,225,0.00101,0.00303,0.19859,0.04618,0,0
273,630,197,29,592,9,1,0,4,123,0,17,366,5,74,0,12,226,0.00034,0.00303,0.19926,0.04603,0,0
274,630,197,29,592,9,1,0,4,123,0,17,366,5,74,0,12,226,0.00034,0.00303,0.19926,0.04603,0,0
275,630,199,29,592,9,3,0,4,124,0,17,366,5,75,0,12,226,0.00101,0.00303,0.19926,0.04603,0,0
276,631,199,29,592,10,3,0,4,124,0,17,366,6,75,0,12,226,0.00101,0.00337,0.19926,0.04596,0,0
277,633,200,29,594,10,2,0,2,124,0,17,368,8,76,0,12,226,0.00067,0.00337,0.19993,0.04581,0,0
278,636,200,29,595,12,1,0,2,124,0,17,368,10,76,0,12,227,0.00034,0.00404,0.20027,0.0456,0,0
279,637,200,29,597,11,0,1,2,124,0,17,368,9,76,1,12,229,0.0,0.0037,0.20094,0.04553,0,0
280,638,201,29,597,12,1,1,2,124,0,17,368,10,77,1,12,229,0.00034,0.00404,0.20094,0.04545,0,0
281,640,201,29,598,13,1,1,1,124,0,17,369,12,77,1,12,229,0.00034,0.00438,0.20128,0.04531,0,0
282,642,201,29,598,15,1,1,1,124,0,17,369,14,77,1,12,229,0.00034,0.00505,0.20128,0.04517,0,0
283,642,201,30,601,11,0,1,3,124,1,17,369,8,77,0,13,232,0.0,0.0037,0.20236,0.04673,0,0
284,642,202,30,601,11,1,1,3,125,1,17,369,8,77,0,13,232,0.00034,0.0037,0.20236,0.04673,0,0
285,642,203,30,601,11,2,2,3,126,1,17,369,8,77,1,13,232,0.00067,0.0037,0.20236,0.04673,0,0
286,646,204,30,601,15,3,2,3,126,1,17,369,12,78,1,13,232,0.00101,0.00505,0.20236,0.04644,0,0
287,647,204,30,602,15,3,2,3,126,1,17,369,12,78,1,13,233,0.00101,0.00505,0.20269,0.04637,0,0
288,648,204,30,605,13,1,1,1,126,0,17,371,12,78,1,13,234,0.00034,0.00438,0.2037,0.0463,0,0
289,650,204,30,607,13,0,0,0,126,0,17,372,13,78,0,13,235,0.0,0.00438,0.20438,0.04615,0,0
290,650,204,30,609,11,0,0,0,126,0,17,372,11,78,0,13,237,0.0,0.0037,0.20505,0.04615,0,0
291,651,204,30,610,11,0,0,0,126,0,17,372,11,78,0,13,238,0.0,0.0037,0.20539,0.04608,0,0
292,651,204,30,610,11,0,0,0,126,0,17,372,11,78,0,13,238,0.0,0.0037,0.20539,0.04608,0,0
293,651,204,30,610,11,0,0,0,126,0,17,372,11,78,0,13,238,0.0,0.0037,0.20539,0.04608,0,0
294,651,204,30,611,10,0,0,0,126,0,17,372,10,78,0,13,239,0.0,0.00337,0.20572,0.04608,0,0
295,651,204,30,611,10,0,0,0,126,0,17,372,10,78,0,13,239,0.0,0.00337,0.20572,0.04608,0,0
296,652,204,30,612,10,0,0,0,126,0,17,372,10,78,0,13,240,0.0,0.00337,0.20606,0.04601,0,0
297,655,205,30,614,11,1,0,0,126,0,17,372,11,79,0,13,242,0.00034,0.0037,0.20673,0.0458,0,0
298,656,205,30,614,12,1,0,0,126,0,17,372,12,79,0,13,242,0.00034,0.00404,0.20673,0.04573,0,0
299,660,205,30,617,13,1,0,0,126,0,17,372,13,79,0,13,245,0.00034,0.00438,0.20774,0.04545,0,0
300,663,205,30,617,16,1,0,0,126,0,17,372,16,79,0,13,245,0.00034,0.00539,0.20774,0.04525,0,0
301,666,205,30,620,16,0,0,0,126,0,17,372,16,79,0,13,248,0.0,0.00539,0.20875,0.04505,0,0
302,669,206,30,620,19,1,0,0,126,0,17,372,19,80,0,13,248,0.00034,0.0064,0.20875,0.04484,0,0
303,671,207,30,621,20,2,0,0,126,0,17,372,20,81,0,13,249,0.00067,0.00673,0.20909,0.04471,0,0
304,673,207,30,622,21,1,1,0,126,0,17,372,21,81,1,13,250,0.00034,0.00707,0.20943,0.04458,0,0
305,677,208,30,623,24,2,1,2,126,0,17,373,22,82,1,13,250,0.00067,0.00808,0.20976,0.04431,0,0
306,678,208,30,623,25,2,1,2,126,0,17,373,23,82,1,13,250,0.00067,0.00842,0.20976,0.04425,0,0
307,680,208,30,624,26,1,2,3,126,0,17,373,23,82,2,13,251,0.00034,0.00875,0.2101,0.04412,0,0
308,683,209,30,626,27,2,2,4,126,0,17,373,23,83,2,13,253,0.00067,0.00909,0.21077,0.04392,0,0
309,685,210,30,630,25,3,3,4,126,1,17,374,21,84,2,13,256,0.00101,0.00842,0.21212,0.0438,0,0
310,687,211,30,631,26,4,4,5,127,1,17,374,21,84,3,13,257,0.00135,0.00875,0.21246,0.04367,0,0
311,688,212,31,631,26,4,4,6,127,2,17,374,20,85,2,14,257,0.00135,0.00876,0.21253,0.04506,0,0
312,694,213,31,634,29,5,4,8,128,2,17,374,21,85,2,14,260,0.00168,0.00977,0.21354,0.04467,0,0
313,697,213,31,636,30,4,3,7,128,2,17,374,23,85,1,14,262,0.00135,0.0101,0.21421,0.04448,0,0
314,697,214,31,641,25,4,3,7,128,2,17,374,18,86,1,14,267,0.00135,0.00842,0.2159,0.04448,0,0
315,702,214,31,642,29,4,3,7,128,2,17,374,22,86,1,14,268,0.00135,0.00977,0.21623,0.04416,0,0
316,705,214,31,643,31,4,3,7,128,2,17,374,24,86,1,14,269,0.00135,0.01044,0.21657,0.04397,0,0
317,709,214,31,651,27,2,3,6,128,2,17,376,21,86,1,14,275,0.00067,0.00909,0.21927,0.04372,0,0
318,713,217,31,654,28,3,1,5,130,1,17,377,23,87,0,14,277,0.00101,0.00943,0.22028,0.04348,0,0
319,714,217,31,654,29,3,1,6,130,1,17,377,23,87,0,14,277,0.00101,0.00977,0.22028,0.04342,0,0
320,719,219,31,657,31,3,1,7,130,0,17,378,24,89,1,14,279,0.00101,0.01044,0.22129,0.04312,0,0
321,721,220,31,658,32,4,1,8,130,0,17,378,24,90,1,14,280,0.00135,0.01078,0.22162,0.043,0,0
322,723,221,31,659,33,5,1,11,130,0,17,379,22,91,1,14,280,0.00168,0.01111,0.22196,0.04288,0,0
323,726,221,31,662,33,3,0,15,130,0,17,379,18,91,0,14,283,0.00101,0.01111,0.22297,0.0427,0,0
324,727,222,31,665,31,3,0,15,130,0,17,381,16,92,0,14,284,0.00101,0.01044,0.22398,0.04264,0,0
325,730,223,31,670,29,3,0,13,130,0,17,383,16,93,0,14,287,0.00101,0.00977,0.22567,0.04247,0,0
326,733,224,31,671,31,4,0,14,131,0,17,383,17,93,0,14,288,0.00135,0.01044,0.226,0.04229,0,0
327,735,224,31,673,31,4,0,16,131,0,17,383,15,93,0,14,290,0.00135,0.01044,0.22668,0.04218,0,0
328,737,224,31,676,30,4,0,15,131,0,17,384,15,93,0,14,292,0.00135,0.0101,0.22769,0.04206,0,0
329,740,224,31,679,30,4,0,13,131,0,17,385,17,93,0,14,294,0.00135,0.0101,0.2287,0.04189,0,0
330,743,224,31,681,31,3,0,10,131,0,17,386,21,93,0,14,295,0.00101,0.01044,0.22937,0.04172,0,0
331,743,224,31,687,25,2,0,8,131,0,17,388,17,93,0,14,299,0.00067,0.00842,0.23139,0.04172,0,0
332,747,225,31,691,25,2,0,9,131,0,17,389,16,94,0,14,302,0.00067,0.00842,0.23274,0.0415,0,0
333,747,225,31,692,24,2,2,5,131,1,17,389,19,94,1,14,303,0.00067,0.00808,0.23308,0.0415,0,0
334,752,227,31,695,26,4,3,4,132,1,17,390,22,95,2,14,305,0.00135,0.00876,0.23409,0.04122,0,0
335,752,228,31,697,24,5,4,3,132,1,17,391,21,96,3,14,306,0.00168,0.00808,0.23476,0.04122,0,0
336,755,229,31,699,25,5,4,4,132,1,17,392,21,97,3,14,307,0.00168,0.00842,0.23543,0.04106,0,0
337,755,229,31,700,24,4,4,4,132,1,17,392,20,97,3,14,308,0.00135,0.00808,0.23577,0.04106,0,0
338,757,230,31,703,23,4,4,4,132,1,17,392,19,98,3,14,311,0.00135,0.00775,0.23678,0.04095,0,0
339,760,230,31,705,24,2,2,3,132,0,17,393,21,98,2,14,312,0.00067,0.00808,0.23745,0.04079,0,0
340,762,230,31,708,23,2,2,3,132,0,17,393,20,98,2,14,315,0.00067,0.00775,0.23846,0.04068,0,0
341,763,230,31,711,21,1,1,3,132,0,17,393,18,98,1,14,318,0.00034,0.00707,0.23947,0.04063,0,0
342,764,230,31,715,18,1,2,4,132,0,17,393,14,98,2,14,322,0.00034,0.00606,0.24082,0.04058,0,0
343,767,231,31,717,19,2,3,5,132,1,17,393,14,99,2,14,324,0.00067,0.0064,0.2415,0.04042,0,0
344,770,232,31,718,21,3,3,5,133,1,17,393,16,99,2,14,325,0.00101,0.00707,0.24183,0.04026,0,0
345,771,233,31,721,19,3,4,4,134,1,17,394,15,99,3,14,327,0.00101,0.0064,0.24284,0.04021,0,0
346,776,235,31,722,23,5,5,3,134,1,17,395,20,101,4,14,327,0.00168,0.00775,0.24318,0.03995,0,0
347,779,236,31,724,24,6,5,3,134,1,17,395,21,102,4,14,329,0.00202,0.00808,0.24385,0.03979,0,0
348,780,236,31,724,25,6,5,3,134,1,17,395,22,102,4,14,329,0.00202,0.00842,0.24385,0.03974,0,0
349,785,237,31,726,28,6,4,2,134,1,17,395,26,103,3,14,331,0.00202,0.00943,0.24453,0.03949,0,0
350,787,237,32,728,27,4,5,1,134,0,18,395,26,103,5,14,333,0.00135,0.0091,0.24528,0.04066,0,0
351,789,240,33,730,26,5,5,0,134,0,18,396,26,106,5,15,334,0.00169,0.00876,0.24604,0.04183,0,0
352,792,242,33,730,29,7,6,0,134,0,18,396,29,108,6,15,334,0.00236,0.00977,0.24604,0.04167,0,0
353,796,244,33,734,29,5,4,0,134,0,18,396,29,110,4,15,338,0.00169,0.00977,0.24739,0.04146,0,0
354,797,244,33,735,29,5,5,2,134,0,18,396,27,110,5,15,339,0.00169,0.00977,0.24772,0.04141,0,0
355,800,245,33,737,30,4,4,2,134,0,18,396,28,111,4,15,341,0.00135,0.01011,0.2484,0.04125,0,0
356,803,246,33,742,28,3,3,3,134,0,18,396,25,112,3,15,346,0.00101,0.00944,0.25008,0.0411,0,0
357,806,246,33,743,30,3,4,4,134,0,18,396,26,112,4,15,347,0.00101,0.01011,0.25042,0.04094,0,0
358,807,247,33,747,27,4,4,4,134,0,18,396,23,113,4,15,351,0.00135,0.0091,0.25177,0.04089,0,0
359,807,248,34,750,23,2,2,4,134,0,18,396,19,114,2,16,354,0.00067,0.00775,0.25287,0.04213,0,0
360,808,249,34,752,22,3,4,5,134,0,18,396,17,115,4,16,356,0.00101,0.00742,0.25354,0.04208,0,0
